'ALL',4019,105200,4,'',0,10000,4,'',0,10000,4,'',0,10000,4,'',0,10000,4,'',0,10000,4,'',0,10000,4,'',0,10000,4,'',0,10000,4,'',0
'MF',4019,65200,4,'',0,10000,4,'',0,10000,4,'',0,10000,4,'',0,7000,4,'',0,10000,4,'',0,10000,4,'',0,10000,4,'',0,10000,4,'',0,10000,4,'',0,10000,4,'',0,10000,4,'',0
'MS',4019,195200,4,'',0,10000,4,'',0,10000,4,'',0,10000,4,'',0,10000,4,'',0
'SO',4019,65200,4,'',0,10000,4,'',0,10000,4,'',0
'SS',4019,95200,4,'',0
'ALL',5019,102100,4,'',0,10000,4,'',0,10000,4,'',0,10000,4,'',0,10000,4,'',0,10000,4,'',0,10000,4,'',0,10000,4,'',0,10000,4,'',0
'MF',5019,62100,4,'',0,10000,4,'',0,10000,4,'',0,10000,4,'',0
'MS',5019,105100,4,'',0,10000,4,'',0,10000,4,'',0,10000,4,'',0,10000,4,'',0,10000,4,'',0,10000,4,'',0,10000,4,'',0,17000,4,'',0,10000,4,'',0,10000,4,'',0,10000,4,'',0,10000,4,'',0
'SO',5019,62100,4,'',0,10000,4,'',0,10000,4,'',0
'SS',5019,92100,4,'',0
'ALL',8019,102100,4,'',0,10000,4,'',0,10000,4,'',0,10000,4,'',0,10000,4,'',0,10000,4,'',0,10000,4,'',0,10000,4,'',0,10000,4,'',0
'MF',8019,62100,4,'',0,3000,4,'',0,7000,4,'',0,3000,4,'',0,7000,4,'',0,3000,4,'',0,7000,4,'',0,3000,4,'',0,10000,4,'',0,10000,4,'',0,10000,4,'',0,10000,4,'',0,10000,4,'',0,10000,4,'',0,10000,4,'',0,10000,4,'',0
'MS',8019,192100,4,'',0,10000,4,'',0,10000,4,'',0,10000,4,'',0,10000,4,'',0
'SO',8019,62100,4,'',0,10000,4,'',0,10000,4,'',0
'SS',8019,92100,4,'',0
'ALL',14019,85200,4,'',0,10000,4,'',0,10000,4,'',0,10000,4,'',0,10000,4,'',0,10000,4,'',0,10000,4,'',0,10000,4,'',0,10000,4,'',0,10000,4,'',0,10000,4,'',0
'MF',14019,62200,4,'',0,10000,4,'',0,10000,4,'',0,10000,4,'',0
'MS',14019,65200,4,'',0,10000,4,'',0,27000,4,'',0,10000,4,'',0,10000,4,'',0,10000,4,'',0,10000,4,'',0,10000,4,'',0,10000,4,'',0,10000,4,'',0,23000,4,'',0,10000,4,'',0,10000,4,'',0,10000,4,'',0,10000,4,'',0
'ALL',15019,84900,4,'',0,10000,4,'',0,10000,4,'',0,10000,4,'',0,10000,4,'',0,10000,4,'',0,10000,4,'',0,10000,4,'',0,10000,4,'',0,10000,4,'',0,10000,4,'',0
'MF',15019,61900,4,'',0,10000,4,'',0,10000,4,'',0,10000,4,'',0
'MS',15019,64900,4,'',0,10000,4,'',0,27000,4,'',0,10000,4,'',0,10000,4,'',0,10000,4,'',0,10000,4,'',0,10000,4,'',0,10000,4,'',0,10000,4,'',0,23000,4,'',0,10000,4,'',0,10000,4,'',0,10000,4,'',0,10000,4,'',0
'ALL',17019,105200,4,'',0,10000,4,'',0,10000,4,'',0,10000,4,'',0,10000,4,'',0,10000,4,'',0,10000,4,'',0,10000,4,'',0,10000,4,'',0
'MF',17019,62200,4,'',0,3000,4,'',0,7000,4,'',0,3000,4,'',0,7000,4,'',0,3000,4,'',0,7000,4,'',0,3000,4,'',0
'MS',17019,102200,4,'',0,10000,4,'',0,10000,4,'',0,10000,4,'',0,10000,4,'',0,10000,4,'',0,10000,4,'',0,10000,4,'',0,23000,4,'',0,10000,4,'',0,10000,4,'',0,10000,4,'',0,10000,4,'',0
'SO',17019,65200,4,'',0,10000,4,'',0,10000,4,'',0
'SS',17019,95200,4,'',0
'ALL',22019,82200,4,'',0,10000,4,'',0,10000,4,'',0,10000,4,'',0,10000,4,'',0,10000,4,'',0,10000,4,'',0,10000,4,'',0,10000,4,'',0,10000,4,'',0,10000,4,'',0
'MF',22019,65200,4,'',0,10000,4,'',0,10000,4,'',0,10000,4,'',0
'MS',22019,62200,4,'',0,10000,4,'',0,33000,4,'',0,10000,4,'',0,10000,4,'',0,10000,4,'',0,10000,4,'',0,10000,4,'',0,10000,4,'',0,10000,4,'',0,17000,4,'',0,10000,4,'',0,10000,4,'',0,10000,4,'',0,10000,4,'',0
'ALL',23019,82200,4,'',0,10000,4,'',0,10000,4,'',0,10000,4,'',0,10000,4,'',0,10000,4,'',0,10000,4,'',0,10000,4,'',0,10000,4,'',0,10000,4,'',0,10000,4,'',0
'MF',23019,65200,4,'',0,10000,4,'',0,10000,4,'',0,10000,4,'',0
'MS',23019,62200,4,'',0,10000,4,'',0,33000,4,'',0,10000,4,'',0,10000,4,'',0,10000,4,'',0,10000,4,'',0,10000,4,'',0,10000,4,'',0,10000,4,'',0,17000,4,'',0,10000,4,'',0,10000,4,'',0,10000,4,'',0,10000,4,'',0
