409,1,1,0
409,23,2,0
409,25,3,0
409,26,4,0
409,27,5,0
409,1025,6,0
409,1026,7,0
409,1073,8,0
409,1050,9,0
409,1051,10,0
409,1052,11,0
409,1053,12,0
409,1054,13,0
409,1055,14,0
409,1056,15,0
409,1057,16,0
409,1015,17,0
409,1059,18,0
409,1060,19,0
409,1061,20,0
409,1062,21,0
409,1063,22,0
409,1064,23,0
409,1065,24,0
409,1066,25,0
409,1039,26,0
409,1040,27,0
409,1041,28,0
409,1068,29,0
409,3132,30,0
409,3133,31,0
409,3106,32,1
509,1,1,0
509,17,2,0
509,18,3,0
509,3099,4,0
509,3076,5,0
509,3077,6,0
509,1013,7,0
509,1016,8,0
509,1036,9,0
509,1035,10,0
509,1030,11,0
509,1028,12,0
509,1027,13,0
509,1022,14,0
509,1009,15,0
509,1072,16,0
509,1023,17,0
509,1021,18,0
509,1020,19,0
509,1018,20,0
509,1002,21,0
509,13,22,0
509,14,23,0
509,15,24,0
509,3106,25,1
809,1,1,0
809,25,2,0
809,26,3,0
809,27,4,0
809,2087,5,0
809,2086,6,0
809,2085,7,0
809,2084,8,0
809,3075,9,0
809,1017,10,0
809,2046,11,0
809,2043,12,0
809,2028,13,0
809,2029,14,0
809,2010,15,0
809,2011,16,0
809,2012,17,0
809,2004,18,0
809,2005,19,0
809,2007,20,0
809,2099,21,0
809,2058,22,0
809,3100,23,0
809,3101,24,0
809,3102,25,0
809,28,26,0
809,13,27,0
809,14,28,0
809,15,29,0
809,3106,30,1
1409,1,1,0
1409,47,2,0
1409,22,3,0
1409,23,4,0
1409,24,5,0
1409,25,6,0
1409,29,7,0
1409,30,8,0
1409,31,9,0
1409,32,10,0
1409,2089,11,0
1409,2090,12,0
1409,2091,13,0
1409,2092,14,0
1409,2093,15,0
1409,2094,16,0
1409,2053,17,0
1409,2054,18,0
1409,2021,19,0
1409,2035,20,0
1409,2036,21,0
1409,2037,22,0
1409,2038,23,0
1409,2039,24,0
1409,2060,25,0
1409,2051,26,0
1409,2052,27,0
1409,1037,28,0
1409,1044,29,0
1409,1043,30,0
1409,1042,31,0
1409,1047,32,0
1409,3095,33,0
1409,33,34,0
1409,34,35,0
1409,35,36,0
1409,36,37,0
1409,16,38,0
1409,3106,39,1
1509,1,1,0
1509,48,2,0
1509,49,3,0
1509,43,4,0
1509,42,5,0
1509,41,6,0
1509,3055,7,0
1509,3056,8,0
1509,3057,9,0
1509,3058,10,0
1509,3059,11,0
1509,3060,12,0
1509,3061,13,0
1509,3062,14,0
1509,3104,15,0
1509,3064,16,0
1509,3065,17,0
1509,3066,18,0
1509,3067,19,0
1509,3068,20,0
1509,3069,21,0
1509,3070,22,0
1509,20,23,0
1509,21,24,0
1509,22,25,0
1509,23,26,0
1509,16,27,0
1509,3106,28,1
1709,1,1,0
1709,23,2,0
1709,24,3,0
1709,25,4,0
1709,26,5,0
1709,27,6,0
1709,2088,7,0
1709,2095,8,0
1709,2096,9,0
1709,2097,10,0
1709,2098,11,0
1709,2032,12,0
1709,2033,13,0
1709,2034,14,0
1709,2003,15,0
1709,2002,16,0
1709,2001,17,0
1709,3086,18,0
1709,2020,19,0
1709,3087,20,0
1709,3005,21,0
1709,3004,22,0
1709,3008,23,0
1709,3009,24,0
1709,3020,25,0
1709,3026,26,0
1709,3028,27,0
1709,3098,28,0
1709,3097,29,0
1709,3081,30,0
1709,3080,31,0
1709,3079,32,0
1709,37,33,0
1709,38,34,0
1709,3106,35,1
2209,1,1,0
2209,23,2,0
2209,24,3,0
2209,25,4,0
2209,26,5,0
2209,27,6,0
2209,2087,7,0
2209,2086,8,0
2209,2085,9,0
2209,2084,10,0
2209,3075,11,0
2209,1017,12,0
2209,2047,13,0
2209,2048,14,0
2209,2049,15,0
2209,2051,16,0
2209,2052,17,0
2209,2055,18,0
2209,2057,19,0
2209,2059,20,0
2209,2061,21,0
2209,2063,22,0
2209,2064,23,0
2209,2066,24,0
2209,2067,25,0
2209,2068,26,0
2209,2071,27,0
2209,2073,28,0
2209,2075,29,0
2209,2077,30,0
2209,2079,31,0
2209,2081,32,0
2209,2082,33,0
2209,2083,34,0
2209,13,35,0
2209,14,36,0
2209,15,37,0
2209,16,38,0
2209,3106,39,1
2309,1,1,0
2309,47,2,0
2309,45,3,0
2309,44,4,0
2309,3093,5,0
2309,3092,6,0
2309,3091,7,0
2309,3090,8,0
2309,3089,9,0
2309,2069,10,0
2309,3027,11,0
2309,3025,12,0
2309,3021,13,0
2309,3010,14,0
2309,3012,15,0
2309,3014,16,0
2309,2056,17,0
2309,39,18,0
2309,3030,19,0
2309,3031,20,0
2309,3032,21,0
2309,3045,22,0
2309,3043,23,0
2309,3040,24,0
2309,3038,25,0
2309,3046,26,0
2309,3047,27,0
2309,3051,28,0
2309,3052,29,0
2309,3053,30,0
2309,3049,31,0
2309,2062,32,0
2309,3016,33,0
2309,20,34,0
2309,21,35,0
2309,3200,36,0
2309,3106,37,1
