400,3106,1,0
400,26,2,0
400,27,3,0
400,1025,4,0
400,1026,5,0
400,1073,6,0
400,1050,7,0
400,1051,8,0
400,1052,9,0
400,1053,10,0
400,1054,11,0
400,1055,12,0
400,1056,13,0
400,1057,14,0
400,1015,15,0
400,1059,16,0
400,1060,17,0
400,1061,18,0
400,1062,19,0
400,1063,20,0
400,1064,21,0
400,1065,22,0
400,1066,23,0
400,1039,24,0
400,1040,25,0
400,1041,26,0
400,1068,27,0
400,3236,28,0
400,3237,29,0
401,3106,1,0
401,26,2,0
401,27,3,0
401,1025,4,0
401,1026,5,0
401,1073,6,0
401,1050,7,0
401,1051,8,0
401,1052,9,0
401,1053,10,0
401,1054,11,0
401,1055,12,0
401,1056,13,0
401,1057,14,0
401,1015,15,0
401,1059,16,0
401,1060,17,0
401,1061,18,0
401,1062,19,0
401,1063,20,0
401,1064,21,0
401,1065,22,0
401,1066,23,0
401,1039,24,0
401,1040,25,0
401,1041,26,0
401,1068,27,0
401,3236,28,0
401,3237,29,0
500,3106,1,0
500,17,2,0
500,18,3,0
500,3099,4,0
500,3076,5,0
500,3077,6,0
500,1013,7,0
500,1016,8,0
500,1036,9,0
500,1035,10,0
500,1030,11,0
500,1028,12,0
500,1027,13,0
500,1022,14,0
500,1009,15,0
500,1072,16,0
500,1023,17,0
500,1021,18,0
500,1020,19,0
500,1018,20,0
500,1002,21,0
500,13,22,0
500,14,23,0
500,15,24,0
800,3106,1,0
800,25,2,0
800,26,3,0
800,27,4,0
800,2086,5,0
800,2085,6,0
800,2084,7,0
800,3075,8,0
800,1017,9,0
800,2046,10,0
800,2043,11,0
800,2028,12,0
800,2029,13,0
800,2010,14,0
800,2011,15,0
800,2012,16,0
800,2004,17,0
800,2005,18,0
800,2007,19,0
800,2099,20,0
800,2058,21,0
800,3100,22,0
800,3101,23,0
800,3102,24,0
800,28,25,0
800,13,26,0
800,14,27,0
800,15,28,0
1400,3106,1,0
1400,47,2,0
1400,22,3,0
1400,23,4,0
1400,24,5,0
1400,25,6,0
1400,29,7,0
1400,30,8,0
1400,31,9,0
1400,32,10,0
1400,2089,11,0
1400,2090,12,0
1400,2091,13,0
1400,2092,14,0
1400,2093,15,0
1400,2094,16,0
1400,2053,17,0
1400,2054,18,0
1400,2021,19,0
1400,2035,20,0
1400,2036,21,0
1400,2037,22,0
1400,2038,23,0
1400,2039,24,0
1400,2060,25,0
1400,2051,26,0
1400,2052,27,0
1400,1037,28,0
1400,1044,29,0
1400,1043,30,0
1400,1042,31,0
1400,1047,32,0
1400,3095,33,0
1400,33,34,0
1400,34,35,0
1400,35,36,0
1400,3125,37,0
1500,3106,1,0
1500,48,2,0
1500,49,3,0
1500,43,4,0
1500,42,5,0
1500,41,6,0
1500,3055,7,0
1500,3057,8,0
1500,3058,9,0
1500,3059,10,0
1500,3060,11,0
1500,3061,12,0
1500,3062,13,0
1500,3104,14,0
1500,3064,15,0
1500,3065,16,0
1500,3066,17,0
1500,3067,18,0
1500,3068,19,0
1500,3069,20,0
1500,3070,21,0
1500,20,22,0
1500,21,23,0
1500,22,24,0
1500,23,25,0
1700,3106,1,0
1700,24,2,0
1700,26,3,0
1700,2088,4,0
1700,2095,5,0
1700,2096,6,0
1700,2097,7,0
1700,2098,8,0
1700,2032,9,0
1700,2033,10,0
1700,2034,11,0
1700,2003,12,0
1700,2002,13,0
1700,2001,14,0
1700,3086,15,0
1700,3087,16,0
1700,3004,17,0
1700,3008,18,0
1700,3009,19,0
1700,3020,20,0
1700,3028,21,0
1700,3098,22,0
1700,3097,23,0
1700,3081,24,0
1700,3080,25,0
1700,3079,26,0
1700,37,27,0
1701,3106,1,0
1701,24,2,0
1701,26,3,0
1701,2088,4,0
1701,2095,5,0
1701,2096,6,0
1701,2097,7,0
1701,2098,8,0
1701,2032,9,0
1701,2033,10,0
1701,2034,11,0
1701,2003,12,0
1701,2002,13,0
1701,2001,14,0
1701,3086,15,0
1701,3087,16,0
1701,3004,17,0
1701,3008,18,0
1701,3009,19,0
1701,3020,20,0
1701,3028,21,0
1701,3098,22,0
1701,3097,23,0
1701,3081,24,0
1701,3080,25,0
1701,3079,26,0
1701,37,27,0
2200,3106,1,0
2200,23,2,0
2200,24,3,0
2200,25,4,0
2200,26,5,0
2200,27,6,0
2200,2086,7,0
2200,2085,8,0
2200,2084,9,0
2200,3075,10,0
2200,1017,11,0
2200,2047,12,0
2200,2048,13,0
2200,2049,14,0
2200,2051,15,0
2200,2052,16,0
2200,2055,17,0
2200,2057,18,0
2200,2059,19,0
2200,2061,20,0
2200,2063,21,0
2200,2064,22,0
2200,2066,23,0
2200,2067,24,0
2200,2068,25,0
2200,2071,26,0
2200,2073,27,0
2200,2075,28,0
2200,2077,29,0
2200,2079,30,0
2200,2081,31,0
2200,2082,32,0
2200,2083,33,0
2200,13,34,0
2200,14,35,0
2200,15,36,0
2300,3106,1,0
2300,47,2,0
2300,45,3,0
2300,44,4,0
2300,3093,5,0
2300,3092,6,0
2300,3091,7,0
2300,3090,8,0
2300,3089,9,0
2300,2069,10,0
2300,3027,11,0
2300,3025,12,0
2300,3021,13,0
2300,3010,14,0
2300,3012,15,0
2300,3014,16,0
2300,2056,17,0
2300,39,18,0
2300,3030,19,0
2300,3031,20,0
2300,3032,21,0
2300,3045,22,0
2300,3043,23,0
2300,3040,24,0
2300,3038,25,0
2300,3046,26,0
2300,3047,27,0
2300,3051,28,0
2300,3052,29,0
2300,3053,30,0
2300,3049,31,0
2300,2062,32,0
2300,3016,33,0
2300,20,34,0
2300,21,35,0
100100,3035,1,0
100100,3036,2,0
100100,3023,3,0
100100,3234,4,0
100100,3015,5,0
100100,3013,6,0
100100,3026,7,0
100100,3028,8,0
100100,3210,9,0
100100,3103,10,0
100100,2008,11,0
100100,2009,12,0
100100,2015,13,0
100100,2016,14,0
100100,2018,15,0
100100,2035,16,0
100100,2036,17,0
100100,2037,18,0
100100,2038,19,0
100100,2039,20,0
100100,3211,21,0
100100,3213,22,0
100100,2044,23,0
100100,2045,24,0
100100,2091,25,0
100100,2092,26,0
100100,2093,27,0
100100,2094,28,0
100100,2053,29,0
100100,2054,30,0
100100,2040,31,0
100100,2041,32,0
100100,2042,33,0
100100,3229,34,0
100100,3230,35,0
100100,3231,36,0
100100,3232,37,0
100100,3233,38,0
100100,3083,39,0
100100,3084,40,0
100100,3085,41,0
100100,3218,42,0
100100,3219,43,0
100100,3030,44,0
100100,3031,45,0
100100,3032,46,0
100100,9998,47,0
100100,4000,48,1
100300,2033,1,0
100300,3072,2,0
100300,3029,3,0
100300,3209,4,0
100300,3207,5,0
100300,3030,6,0
100300,3032,7,0
100300,4000,8,0
100300,3033,9,0
100300,3034,10,0
100300,3035,11,0
100300,3036,12,0
100300,3073,13,0
100300,3109,14,0
100300,2069,15,0
100300,3210,16,0
100300,3103,17,0
100400,4000,1,0
100400,3033,2,0
100400,3034,3,0
100400,3035,4,0
100400,3036,5,0
100400,3073,6,0
100400,3109,7,0
100400,2069,8,0
100400,3210,9,0
100400,3103,10,0
100400,2033,11,0
100400,3072,12,0
100400,3029,13,0
100400,3209,14,0
100400,3207,15,0
100400,3030,16,0
100400,3031,17,0
100400,3032,18,0
100401,3035,1,0
100401,3036,2,0
100401,3109,3,0
100401,3220,4,0
100401,3221,5,0
100401,3222,6,0
100401,3223,7,0
100401,3224,8,0
100401,3214,9,0
100401,3215,10,0
100401,32,11,0
100401,2089,12,0
100401,2090,13,0
100401,2091,14,0
100401,2046,15,0
100401,2043,16,0
100401,2028,17,0
100401,2029,18,0
100401,2011,19,0
100401,2013,20,0
100401,2014,21,0
100401,2017,22,0
100401,2100,23,0
100401,2101,24,0
100401,2099,25,0
100401,3225,26,0
100401,3111,27,0
100401,3123,28,0
100401,3228,29,0
100401,33,30,0
100401,34,31,0
100401,35,32,0
100401,15,33,0
100401,16,34,0
100401,3235,35,0
100401,17,36,0
100401,18,37,0
100401,19,38,0
100401,40,39,0
100401,3057,40,0
100401,3058,41,0
100401,3217,42,0
100401,3206,43,0
100401,3205,44,0
100401,3204,45,0
100401,4000,46,1
100800,4000,1,0
100800,2066,2,0
100900,4000,1,0
100900,2066,2,0
100900,3032,3,1
