400,'0fc92f77-a9db-4601-9469-0ad6e54f3e35',631,,2,10,,,0,100,,3,10,,,0,100,,4,10,,,0,100,,1,10,,,0
400,'34fccac3-20c6-4987-8415-da996ea3c060',631,,7,10,,,0,100,,5,10,,,0,100,,6,10,,,0,100,,8,10,,,0
401,'0462342a-9353-4cbb-9104-3a5097e2906c',631,,14,10,,,0,100,,18,10,,,0,100,,15,10,,,0,100,,13,10,,,0,100,,25,10,,,0,100,,26,10,,,0,100,,12,10,,,0,100,,16,10,,,0,100,,24,10,,,0,100,,17,10,,,0,100,,20,10,,,0,100,,23,10,,,0,100,,10,10,,,0,100,,11,10,,,0,100,,22,10,,,0,100,,9,10,,,0,100,,19,10,,,0,100,,21,10,,,0
401,'0fc92f77-a9db-4601-9469-0ad6e54f3e35',1001,,33,10,,,0,30,,46,10,,,0,70,,29,10,,,0,30,,45,10,,,0,70,,30,10,,,0,30,,31,10,,,0,70,,43,10,,,0,30,,32,10,,,0,70,,42,10,,,0,30,,36,10,,,0,70,,41,10,,,0,30,,27,10,,,0,70,,37,10,,,0,30,,40,10,,,0,70,,44,10,,,0,30,,38,10,,,0,100,,28,10,,,0,100,,47,10,,,0,100,,39,10,,,0,100,,35,10,,,0,100,,48,10,,,0,100,,34,10,,,0
401,'34fccac3-20c6-4987-8415-da996ea3c060',1001,,62,10,,,0,30,,60,10,,,0,70,,52,10,,,0,30,,57,10,,,0,70,,55,10,,,0,30,,54,10,,,0,70,,66,10,,,0,30,,56,10,,,0,70,,61,10,,,0,30,,68,10,,,0,70,,53,10,,,0,30,,70,10,,,0,70,,67,10,,,0,30,,59,10,,,0,70,,51,10,,,0,30,,65,10,,,0,100,,63,10,,,0,100,,49,10,,,0,100,,69,10,,,0,100,,50,10,,,0,100,,64,10,,,0,100,,58,10,,,0
401,'3b66bbc4-5a16-4173-841c-859a7a71bbe4',931,,72,10,,,0,100,,75,10,,,0,100,,80,10,,,0,100,,71,10,,,0,100,,76,10,,,0,100,,73,10,,,0,100,,78,10,,,0,100,,74,10,,,0,100,,77,10,,,0,100,,79,10,,,0
401,'ac10e216-39b9-48ed-bbcc-647ae9ece7ef',631,,83,10,,,0,100,,93,10,,,0,100,,91,10,,,0,100,,89,10,,,0,100,,84,10,,,0,100,,95,10,,,0,100,,94,10,,,0,100,,82,10,,,0,100,,87,10,,,0,100,,88,10,,,0,100,,96,10,,,0,100,,86,10,,,0,100,,85,10,,,0,100,,90,10,,,0,100,,98,10,,,0,100,,92,10,,,0,100,,81,10,,,0,100,,97,10,,,0
401,'f1732c01-0adc-4784-a0f8-928364ee839f',931,,106,10,,,0,100,,103,10,,,0,100,,100,10,,,0,100,,108,10,,,0,100,,101,10,,,0,100,,104,10,,,0,100,,105,10,,,0,100,,107,10,,,0,100,,102,10,,,0,100,,99,10,,,0
401,'fe92844f-135c-45c8-be8c-06da32b92991',931,,109,10,,,0,100,,116,10,,,0,100,,112,10,,,0,100,,118,10,,,0,100,,113,10,,,0,100,,111,10,,,0,100,,114,10,,,0,100,,117,10,,,0,100,,110,10,,,0,100,,115,10,,,0
800,'0462342a-9353-4cbb-9104-3a5097e2906c',602,,245,11,,,0,100,,251,11,,,0,100,,239,11,,,0,100,,242,11,,,0,100,,241,11,,,0,100,,247,11,,,0,100,,240,11,,,0,100,,238,11,,,0,100,,237,11,,,0,100,,250,11,,,0,100,,254,11,,,0,100,,243,11,,,0,100,,244,11,,,0,100,,253,11,,,0,100,,249,11,,,0,100,,246,11,,,0,100,,252,11,,,0,100,,248,11,,,0
800,'0fc92f77-a9db-4601-9469-0ad6e54f3e35',602,,256,11,,,0,100,,268,11,,,0,100,,255,11,,,0,100,,269,11,,,0,100,,261,11,,,0,30,,275,11,,,0,70,,277,11,,,0,30,,271,11,,,0,70,,273,11,,,0,30,,278,11,,,0,70,,262,11,,,0,30,,264,11,,,0,70,,263,11,,,0,30,,274,11,,,0,70,,270,11,,,0,30,,267,11,,,0,70,,258,11,,,0,30,,272,11,,,0,70,,279,11,,,0,30,,259,11,,,0,70,,260,11,,,0,100,,266,11,,,0,100,,276,11,,,0,100,,265,11,,,0,100,,257,11,,,0,100,,280,11,,,0
800,'34fccac3-20c6-4987-8415-da996ea3c060',602,,303,11,,,0,100,,297,11,,,0,100,,290,11,,,0,100,,285,11,,,0,100,,306,11,,,0,30,,296,11,,,0,70,,286,11,,,0,30,,287,11,,,0,70,,284,11,,,0,30,,299,11,,,0,70,,305,11,,,0,30,,283,11,,,0,70,,304,11,,,0,30,,288,11,,,0,70,,281,11,,,0,30,,292,11,,,0,70,,282,11,,,0,30,,300,11,,,0,70,,301,11,,,0,30,,294,11,,,0,70,,291,11,,,0,100,,295,11,,,0,100,,293,11,,,0,100,,302,11,,,0,100,,289,11,,,0,100,,298,11,,,0
800,'3b66bbc4-5a16-4173-841c-859a7a71bbe4',902,,307,11,,,0,100,,308,11,,,0,100,,312,11,,,0,100,,315,11,,,0,100,,311,11,,,0,100,,316,11,,,0,100,,309,11,,,0,100,,310,11,,,0,100,,313,11,,,0,100,,314,11,,,0
800,'ac10e216-39b9-48ed-bbcc-647ae9ece7ef',602,,319,11,,,0,100,,326,11,,,0,100,,321,11,,,0,100,,334,11,,,0,100,,324,11,,,0,100,,330,11,,,0,100,,327,11,,,0,100,,318,11,,,0,100,,317,11,,,0,100,,333,11,,,0,100,,328,11,,,0,100,,329,11,,,0,100,,331,11,,,0,100,,322,11,,,0,100,,320,11,,,0,100,,325,11,,,0,100,,332,11,,,0,100,,323,11,,,0
800,'f1732c01-0adc-4784-a0f8-928364ee839f',902,,337,11,,,0,100,,338,11,,,0,100,,341,11,,,0,100,,344,11,,,0,100,,340,11,,,0,100,,343,11,,,0,100,,336,11,,,0,100,,335,11,,,0,100,,339,11,,,0,100,,342,11,,,0
800,'fe92844f-135c-45c8-be8c-06da32b92991',902,,348,11,,,0,100,,352,11,,,0,100,,350,11,,,0,100,,345,11,,,0,100,,349,11,,,0,100,,347,11,,,0,100,,346,11,,,0,100,,351,11,,,0,100,,354,11,,,0,100,,353,11,,,0
2200,'0462342a-9353-4cbb-9104-3a5097e2906c',602,,759,18,,,0,100,,771,18,,,0,100,,760,18,,,0,100,,763,18,,,0,100,,770,18,,,0,30,,762,18,,,0,70,,768,18,,,0,30,,778,18,,,0,70,,764,18,,,0,30,,781,18,,,0,70,,777,18,,,0,30,,773,18,,,0,70,,769,18,,,0,30,,761,18,,,0,70,,775,18,,,0,30,,767,18,,,0,70,,776,18,,,0,30,,780,18,,,0,70,,774,18,,,0,30,,766,18,,,0,70,,782,18,,,0,100,,779,18,,,0,100,,758,18,,,0,100,,765,18,,,0,100,,772,18,,,0,100,,757,18,,,0
2200,'0fc92f77-a9db-4601-9469-0ad6e54f3e35',602,,786,18,,,0,30,,795,18,,,0,70,,808,18,,,0,30,,807,18,,,0,70,,793,18,,,0,30,,794,18,,,0,70,,810,18,,,0,30,,791,18,,,0,70,,788,18,,,0,30,,805,18,,,0,70,,802,18,,,0,30,,792,18,,,0,70,,789,18,,,0,30,,812,18,,,0,70,,799,18,,,0,30,,798,18,,,0,70,,811,18,,,0,30,,806,18,,,0,70,,803,18,,,0,30,,783,18,,,0,70,,796,18,,,0,30,,790,18,,,0,70,,785,18,,,0,30,,804,18,,,0,70,,809,18,,,0,100,,800,18,,,0,100,,801,18,,,0,100,,797,18,,,0,100,,784,18,,,0,100,,787,18,,,0
2200,'34fccac3-20c6-4987-8415-da996ea3c060',602,,828,18,,,0,30,,831,18,,,0,70,,819,18,,,0,30,,829,18,,,0,70,,830,18,,,0,30,,834,18,,,0,70,,837,18,,,0,30,,840,18,,,0,70,,833,18,,,0,30,,816,18,,,0,70,,823,18,,,0,30,,841,18,,,0,70,,836,18,,,0,30,,820,18,,,0,70,,824,18,,,0,30,,839,18,,,0,70,,814,18,,,0,30,,842,18,,,0,70,,827,18,,,0,30,,817,18,,,0,70,,822,18,,,0,30,,818,18,,,0,70,,821,18,,,0,30,,838,18,,,0,70,,826,18,,,0,100,,813,18,,,0,100,,825,18,,,0,100,,835,18,,,0,100,,815,18,,,0,100,,832,18,,,0
2200,'3b66bbc4-5a16-4173-841c-859a7a71bbe4',902,,848,18,,,0,100,,849,18,,,0,100,,843,18,,,0,100,,845,18,,,0,100,,850,18,,,0,100,,852,18,,,0,100,,846,18,,,0,100,,847,18,,,0,100,,844,18,,,0,100,,851,18,,,0
2200,'ac10e216-39b9-48ed-bbcc-647ae9ece7ef',602,,871,18,,,0,100,,877,18,,,0,100,,878,18,,,0,100,,855,18,,,0,100,,865,18,,,0,30,,866,18,,,0,70,,867,18,,,0,30,,874,18,,,0,70,,858,18,,,0,30,,859,18,,,0,70,,864,18,,,0,30,,869,18,,,0,70,,856,18,,,0,30,,875,18,,,0,70,,868,18,,,0,30,,876,18,,,0,70,,857,18,,,0,30,,854,18,,,0,70,,861,18,,,0,30,,853,18,,,0,70,,873,18,,,0,100,,872,18,,,0,100,,862,18,,,0,100,,863,18,,,0,100,,860,18,,,0,100,,870,18,,,0
2200,'f1732c01-0adc-4784-a0f8-928364ee839f',902,,884,18,,,0,100,,882,18,,,0,100,,881,18,,,0,100,,880,18,,,0,100,,879,18,,,0,100,,886,18,,,0,100,,888,18,,,0,100,,885,18,,,0,100,,887,18,,,0,100,,883,18,,,0
2200,'fe92844f-135c-45c8-be8c-06da32b92991',902,,895,18,,,0,100,,890,18,,,0,100,,897,18,,,0,100,,891,18,,,0,100,,889,18,,,0,100,,896,18,,,0,100,,898,18,,,0,100,,893,18,,,0,100,,894,18,,,0,100,,892,18,,,0
