2300,'0ca7a4e8-8deb-447f-af95-efcb11d44b49',610,,1985,44,,,0,30,,1977,44,,,0,70,,1972,44,,,0,30,,1981,44,,,0,70,,1962,44,,,0,30,,1971,44,,,0,70,,1963,44,,,0,30,,1976,44,,,0,70,,1984,44,,,0,30,,1970,44,,,0,70,,1974,44,,,0,30,,1959,44,,,0,70,,1987,44,,,0,30,,1978,44,,,0,70,,1967,44,,,0,30,,1988,44,,,0,70,,1966,44,,,0,30,,1965,44,,,0,70,,1986,44,,,0,30,,1969,44,,,0,70,,1964,44,,,0,30,,1979,44,,,0,70,,1982,44,,,0,30,,1980,44,,,0,70,,1975,44,,,0,100,,1960,44,,,0,100,,1968,44,,,0,100,,1983,44,,,0,100,,1961,44,,,0,100,,1973,44,,,0
2300,'2c0118e0-aa39-4d23-8fdf-0ad2ee311f15',910,,1991,44,,,0,100,,1997,44,,,0,100,,1993,44,,,0,100,,1998,44,,,0,100,,1994,44,,,0,100,,1992,44,,,0,100,,1989,44,,,0,100,,1996,44,,,0,100,,1990,44,,,0,100,,1995,44,,,0
2300,'54965835-d4b5-43a4-a454-864d26728dd3',610,,2010,44,,,0,100,,2001,44,,,0,100,,2002,44,,,0,100,,2008,44,,,0,100,,2022,44,,,0,30,,2014,44,,,0,70,,2023,44,,,0,30,,2024,44,,,0,70,,2007,44,,,0,30,,2018,44,,,0,70,,2017,44,,,0,30,,2019,44,,,0,70,,2016,44,,,0,30,,2021,44,,,0,70,,1999,44,,,0,30,,2006,44,,,0,70,,2003,44,,,0,30,,2005,44,,,0,70,,2020,44,,,0,30,,2011,44,,,0,70,,2000,44,,,0,100,,2013,44,,,0,100,,2004,44,,,0,100,,2015,44,,,0,100,,2012,44,,,0,100,,2009,44,,,0
2300,'8d033c22-56c5-460f-aa74-cffac53817d7',610,,2049,44,,,0,30,,2030,44,,,0,70,,2038,44,,,0,30,,2031,44,,,0,70,,2044,44,,,0,30,,2043,44,,,0,70,,2053,44,,,0,30,,2035,44,,,0,70,,2047,44,,,0,30,,2036,44,,,0,70,,2028,44,,,0,30,,2040,44,,,0,70,,2026,44,,,0,30,,2041,44,,,0,70,,2045,44,,,0,30,,2034,44,,,0,70,,2039,44,,,0,30,,2052,44,,,0,70,,2054,44,,,0,30,,2046,44,,,0,70,,2032,44,,,0,30,,2033,44,,,0,70,,2048,44,,,0,30,,2025,44,,,0,70,,2029,44,,,0,100,,2042,44,,,0,100,,2027,44,,,0,100,,2051,44,,,0,100,,2050,44,,,0,100,,2037,44,,,0
2300,'af66423d-6b82-4070-a66d-7fd5455f4ee0',610,,2073,44,,,0,100,,2070,44,,,0,100,,2055,44,,,0,100,,2061,44,,,0,100,,2065,44,,,0,30,,2068,44,,,0,70,,2077,44,,,0,30,,2059,44,,,0,70,,2067,44,,,0,30,,2064,44,,,0,70,,2062,44,,,0,30,,2060,44,,,0,70,,2078,44,,,0,30,,2074,44,,,0,70,,2056,44,,,0,30,,2058,44,,,0,70,,2063,44,,,0,30,,2080,44,,,0,70,,2079,44,,,0,30,,2069,44,,,0,70,,2075,44,,,0,100,,2057,44,,,0,100,,2076,44,,,0,100,,2066,44,,,0,100,,2072,44,,,0,100,,2071,44,,,0
2300,'ccbf4b4f-97af-4307-91ea-d9053fc08e17',910,,2082,44,,,0,100,,2087,44,,,0,100,,2088,44,,,0,100,,2081,44,,,0,100,,2083,44,,,0,100,,2090,44,,,0,100,,2089,44,,,0,100,,2084,44,,,0,100,,2085,44,,,0,100,,2086,44,,,0
2300,'e8ef8160-ae13-4ecf-849b-1dc14c9e1cc7',910,,2099,44,,,0,100,,2100,44,,,0,100,,2091,44,,,0,100,,2098,44,,,0,100,,2094,44,,,0,100,,2092,44,,,0,100,,2096,44,,,0,100,,2093,44,,,0,100,,2095,44,,,0,100,,2097,44,,,0
100100,'0ca7a4e8-8deb-447f-af95-efcb11d44b49',558,,2101,88,,,0
100100,'8d033c22-56c5-460f-aa74-cffac53817d7',558,,2102,88,,,0
100300,'0ca7a4e8-8deb-447f-af95-efcb11d44b49',1404,,2107,9,,,0,30,,2105,9,,,0,70,,2106,9,,,0,30,,2103,9,,,0,70,,2104,9,,,0
100300,'8d033c22-56c5-460f-aa74-cffac53817d7',1404,,2108,9,,,0,30,,2109,9,,,0,70,,2111,9,,,0,30,,2110,9,,,0,70,,2112,9,,,0
100400,'0ca7a4e8-8deb-447f-af95-efcb11d44b49',633,,2113,26,,,0
100400,'8d033c22-56c5-460f-aa74-cffac53817d7',633,,2114,26,,,0
