400,'0fc92f77-a9db-4601-9469-0ad6e54f3e35',631,,2,7,,,0,100,,3,7,,,0,100,,4,7,,,0,100,,1,7,,,0
400,'34fccac3-20c6-4987-8415-da996ea3c060',631,,7,7,,,0,100,,5,7,,,0,100,,6,7,,,0,100,,8,7,,,0
401,'0462342a-9353-4cbb-9104-3a5097e2906c',631,,14,7,,,0,100,,18,7,,,0,100,,15,7,,,0,100,,13,7,,,0,100,,25,7,,,0,100,,26,7,,,0,100,,12,7,,,0,100,,16,7,,,0,100,,24,7,,,0,100,,17,7,,,0,100,,20,7,,,0,100,,23,7,,,0,100,,10,7,,,0,100,,11,7,,,0,100,,22,7,,,0,100,,9,7,,,0,100,,19,7,,,0,100,,21,7,,,0
401,'0fc92f77-a9db-4601-9469-0ad6e54f3e35',1001,,33,7,,,0,30,,46,7,,,0,70,,29,7,,,0,30,,45,7,,,0,70,,30,7,,,0,30,,31,7,,,0,70,,43,7,,,0,30,,32,7,,,0,70,,42,7,,,0,30,,36,7,,,0,70,,41,7,,,0,30,,27,7,,,0,70,,37,7,,,0,30,,40,7,,,0,70,,44,7,,,0,30,,38,7,,,0,100,,28,7,,,0,100,,47,7,,,0,100,,39,7,,,0,100,,35,7,,,0,100,,48,7,,,0,100,,34,7,,,0
401,'34fccac3-20c6-4987-8415-da996ea3c060',1001,,62,7,,,0,30,,60,7,,,0,70,,52,7,,,0,30,,57,7,,,0,70,,55,7,,,0,30,,54,7,,,0,70,,66,7,,,0,30,,56,7,,,0,70,,61,7,,,0,30,,68,7,,,0,70,,53,7,,,0,30,,70,7,,,0,70,,67,7,,,0,30,,59,7,,,0,70,,51,7,,,0,30,,65,7,,,0,100,,63,7,,,0,100,,49,7,,,0,100,,69,7,,,0,100,,50,7,,,0,100,,64,7,,,0,100,,58,7,,,0
401,'3b66bbc4-5a16-4173-841c-859a7a71bbe4',931,,72,7,,,0,100,,75,7,,,0,100,,80,7,,,0,100,,71,7,,,0,100,,76,7,,,0,100,,73,7,,,0,100,,78,7,,,0,100,,74,7,,,0,100,,77,7,,,0,100,,79,7,,,0
401,'ac10e216-39b9-48ed-bbcc-647ae9ece7ef',631,,83,7,,,0,100,,93,7,,,0,100,,91,7,,,0,100,,89,7,,,0,100,,84,7,,,0,100,,95,7,,,0,100,,94,7,,,0,100,,82,7,,,0,100,,87,7,,,0,100,,88,7,,,0,100,,96,7,,,0,100,,86,7,,,0,100,,85,7,,,0,100,,90,7,,,0,100,,98,7,,,0,100,,92,7,,,0,100,,81,7,,,0,100,,97,7,,,0
401,'f1732c01-0adc-4784-a0f8-928364ee839f',931,,106,7,,,0,100,,103,7,,,0,100,,100,7,,,0,100,,108,7,,,0,100,,101,7,,,0,100,,104,7,,,0,100,,105,7,,,0,100,,107,7,,,0,100,,102,7,,,0,100,,99,7,,,0
401,'fe92844f-135c-45c8-be8c-06da32b92991',931,,109,7,,,0,100,,116,7,,,0,100,,112,7,,,0,100,,118,7,,,0,100,,113,7,,,0,100,,111,7,,,0,100,,114,7,,,0,100,,117,7,,,0,100,,110,7,,,0,100,,115,7,,,0
800,'0462342a-9353-4cbb-9104-3a5097e2906c',601,,245,9,,,0,100,,251,9,,,0,100,,239,9,,,0,100,,242,9,,,0,100,,241,9,,,0,100,,247,9,,,0,100,,240,9,,,0,100,,238,9,,,0,100,,237,9,,,0,100,,250,9,,,0,100,,254,9,,,0,100,,243,9,,,0,100,,244,9,,,0,100,,253,9,,,0,100,,249,9,,,0,100,,246,9,,,0,100,,252,9,,,0,100,,248,9,,,0
800,'0fc92f77-a9db-4601-9469-0ad6e54f3e35',601,,256,9,,,0,100,,268,9,,,0,100,,255,9,,,0,100,,269,9,,,0,100,,261,9,,,0,30,,275,9,,,0,70,,277,9,,,0,30,,271,9,,,0,70,,273,9,,,0,30,,278,9,,,0,70,,262,9,,,0,30,,264,9,,,0,70,,263,9,,,0,30,,274,9,,,0,70,,270,9,,,0,30,,267,9,,,0,70,,258,9,,,0,30,,272,9,,,0,70,,279,9,,,0,30,,259,9,,,0,70,,260,9,,,0,100,,266,9,,,0,100,,276,9,,,0,100,,265,9,,,0,100,,257,9,,,0,100,,280,9,,,0
800,'34fccac3-20c6-4987-8415-da996ea3c060',601,,303,9,,,0,100,,297,9,,,0,100,,290,9,,,0,100,,285,9,,,0,100,,306,9,,,0,30,,296,9,,,0,70,,286,9,,,0,30,,287,9,,,0,70,,284,9,,,0,30,,299,9,,,0,70,,305,9,,,0,30,,283,9,,,0,70,,304,9,,,0,30,,288,9,,,0,70,,281,9,,,0,30,,292,9,,,0,70,,282,9,,,0,30,,300,9,,,0,70,,301,9,,,0,30,,294,9,,,0,70,,291,9,,,0,100,,295,9,,,0,100,,293,9,,,0,100,,302,9,,,0,100,,289,9,,,0,100,,298,9,,,0
800,'3b66bbc4-5a16-4173-841c-859a7a71bbe4',901,,307,9,,,0,100,,308,9,,,0,100,,312,9,,,0,100,,315,9,,,0,100,,311,9,,,0,100,,316,9,,,0,100,,309,9,,,0,100,,310,9,,,0,100,,313,9,,,0,100,,314,9,,,0
800,'ac10e216-39b9-48ed-bbcc-647ae9ece7ef',601,,319,9,,,0,100,,326,9,,,0,100,,321,9,,,0,100,,334,9,,,0,100,,324,9,,,0,100,,330,9,,,0,100,,327,9,,,0,100,,318,9,,,0,100,,317,9,,,0,100,,333,9,,,0,100,,328,9,,,0,100,,329,9,,,0,100,,331,9,,,0,100,,322,9,,,0,100,,320,9,,,0,100,,325,9,,,0,100,,332,9,,,0,100,,323,9,,,0
800,'f1732c01-0adc-4784-a0f8-928364ee839f',901,,337,9,,,0,100,,338,9,,,0,100,,341,9,,,0,100,,344,9,,,0,100,,340,9,,,0,100,,343,9,,,0,100,,336,9,,,0,100,,335,9,,,0,100,,339,9,,,0,100,,342,9,,,0
800,'fe92844f-135c-45c8-be8c-06da32b92991',901,,348,9,,,0,100,,352,9,,,0,100,,350,9,,,0,100,,345,9,,,0,100,,349,9,,,0,100,,347,9,,,0,100,,346,9,,,0,100,,351,9,,,0,100,,354,9,,,0,100,,353,9,,,0
1700,'0fc92f77-a9db-4601-9469-0ad6e54f3e35',601,,620,9,,,0,30,,621,9,,,0,70,,616,9,,,0,30,,615,9,,,0,70,,617,9,,,0,30,,618,9,,,0,70,,622,9,,,0,30,,619,9,,,0
1700,'34fccac3-20c6-4987-8415-da996ea3c060',601,,625,9,,,0,30,,630,9,,,0,70,,628,9,,,0,30,,629,9,,,0,70,,626,9,,,0,30,,624,9,,,0,70,,627,9,,,0,30,,623,9,,,0
1701,'0462342a-9353-4cbb-9104-3a5097e2906c',631,,644,10,,,0,100,,632,10,,,0,100,,656,10,,,0,100,,636,10,,,0,70,,645,10,,,0,30,,648,10,,,0,70,,653,10,,,0,30,,635,10,,,0,70,,652,10,,,0,30,,643,10,,,0,70,,631,10,,,0,30,,641,10,,,0,70,,637,10,,,0,30,,642,10,,,0,70,,633,10,,,0,30,,638,10,,,0,70,,640,10,,,0,30,,639,10,,,0,70,,654,10,,,0,30,,655,10,,,0,100,,651,10,,,0,100,,650,10,,,0,100,,647,10,,,0,100,,646,10,,,0,100,,649,10,,,0,100,,634,10,,,0
1701,'0fc92f77-a9db-4601-9469-0ad6e54f3e35',1001,,670,10,,,0,30,,668,10,,,0,70,,667,10,,,0,30,,675,10,,,0,70,,676,10,,,0,30,,669,10,,,0,70,,678,10,,,0,30,,666,10,,,0,70,,660,10,,,0,30,,664,10,,,0,70,,674,10,,,0,30,,677,10,,,0,70,,661,10,,,0,30,,658,10,,,0,70,,662,10,,,0,30,,657,10,,,0,100,,672,10,,,0,100,,659,10,,,0,100,,671,10,,,0,100,,673,10,,,0,100,,665,10,,,0,100,,663,10,,,0
1701,'34fccac3-20c6-4987-8415-da996ea3c060',1001,,700,10,,,0,30,,692,10,,,0,70,,685,10,,,0,30,,698,10,,,0,70,,684,10,,,0,30,,690,10,,,0,70,,679,10,,,0,30,,682,10,,,0,70,,680,10,,,0,30,,693,10,,,0,70,,689,10,,,0,30,,687,10,,,0,70,,683,10,,,0,30,,691,10,,,0,70,,688,10,,,0,30,,695,10,,,0,100,,694,10,,,0,100,,696,10,,,0,100,,699,10,,,0,100,,697,10,,,0,100,,681,10,,,0,100,,686,10,,,0
1701,'3b66bbc4-5a16-4173-841c-859a7a71bbe4',931,,706,10,,,0,100,,709,10,,,0,100,,707,10,,,0,100,,703,10,,,0,100,,702,10,,,0,100,,704,10,,,0,100,,701,10,,,0,100,,705,10,,,0,100,,708,10,,,0,100,,710,10,,,0
1701,'ac10e216-39b9-48ed-bbcc-647ae9ece7ef',631,,713,10,,,0,100,,731,10,,,0,100,,734,10,,,0,100,,725,10,,,0,70,,714,10,,,0,30,,715,10,,,0,70,,724,10,,,0,30,,719,10,,,0,70,,730,10,,,0,30,,723,10,,,0,70,,716,10,,,0,30,,732,10,,,0,70,,736,10,,,0,30,,727,10,,,0,70,,735,10,,,0,30,,720,10,,,0,70,,718,10,,,0,30,,728,10,,,0,70,,717,10,,,0,30,,712,10,,,0,100,,711,10,,,0,100,,721,10,,,0,100,,733,10,,,0,100,,726,10,,,0,100,,722,10,,,0,100,,729,10,,,0
1701,'f1732c01-0adc-4784-a0f8-928364ee839f',931,,739,10,,,0,100,,742,10,,,0,100,,741,10,,,0,100,,738,10,,,0,100,,745,10,,,0,100,,743,10,,,0,100,,740,10,,,0,100,,737,10,,,0,100,,746,10,,,0,100,,744,10,,,0
1701,'fe92844f-135c-45c8-be8c-06da32b92991',931,,756,10,,,0,100,,752,10,,,0,100,,748,10,,,0,100,,749,10,,,0,100,,755,10,,,0,100,,754,10,,,0,100,,747,10,,,0,100,,750,10,,,0,100,,753,10,,,0,100,,751,10,,,0
2200,'0462342a-9353-4cbb-9104-3a5097e2906c',601,,759,15,,,0,100,,771,15,,,0,100,,760,15,,,0,100,,763,15,,,0,100,,770,15,,,0,30,,762,15,,,0,70,,768,15,,,0,30,,778,15,,,0,70,,764,15,,,0,30,,781,15,,,0,70,,777,15,,,0,30,,773,15,,,0,70,,769,15,,,0,30,,761,15,,,0,70,,775,15,,,0,30,,767,15,,,0,70,,776,15,,,0,30,,780,15,,,0,70,,774,15,,,0,30,,766,15,,,0,70,,782,15,,,0,100,,779,15,,,0,100,,758,15,,,0,100,,765,15,,,0,100,,772,15,,,0,100,,757,15,,,0
2200,'0fc92f77-a9db-4601-9469-0ad6e54f3e35',601,,786,15,,,0,30,,795,15,,,0,70,,808,15,,,0,30,,807,15,,,0,70,,793,15,,,0,30,,794,15,,,0,70,,810,15,,,0,30,,791,15,,,0,70,,788,15,,,0,30,,805,15,,,0,70,,802,15,,,0,30,,792,15,,,0,70,,789,15,,,0,30,,812,15,,,0,70,,799,15,,,0,30,,798,15,,,0,70,,811,15,,,0,30,,806,15,,,0,70,,803,15,,,0,30,,783,15,,,0,70,,796,15,,,0,30,,790,15,,,0,70,,785,15,,,0,30,,804,15,,,0,70,,809,15,,,0,100,,800,15,,,0,100,,801,15,,,0,100,,797,15,,,0,100,,784,15,,,0,100,,787,15,,,0
2200,'34fccac3-20c6-4987-8415-da996ea3c060',601,,828,15,,,0,30,,831,15,,,0,70,,819,15,,,0,30,,829,15,,,0,70,,830,15,,,0,30,,834,15,,,0,70,,837,15,,,0,30,,840,15,,,0,70,,833,15,,,0,30,,816,15,,,0,70,,823,15,,,0,30,,841,15,,,0,70,,836,15,,,0,30,,820,15,,,0,70,,824,15,,,0,30,,839,15,,,0,70,,814,15,,,0,30,,842,15,,,0,70,,827,15,,,0,30,,817,15,,,0,70,,822,15,,,0,30,,818,15,,,0,70,,821,15,,,0,30,,838,15,,,0,70,,826,15,,,0,100,,813,15,,,0,100,,825,15,,,0,100,,835,15,,,0,100,,815,15,,,0,100,,832,15,,,0
2200,'3b66bbc4-5a16-4173-841c-859a7a71bbe4',901,,848,15,,,0,100,,849,15,,,0,100,,843,15,,,0,100,,845,15,,,0,100,,850,15,,,0,100,,852,15,,,0,100,,846,15,,,0,100,,847,15,,,0,100,,844,15,,,0,100,,851,15,,,0
2200,'ac10e216-39b9-48ed-bbcc-647ae9ece7ef',601,,871,15,,,0,100,,877,15,,,0,100,,878,15,,,0,100,,855,15,,,0,100,,865,15,,,0,30,,866,15,,,0,70,,867,15,,,0,30,,874,15,,,0,70,,858,15,,,0,30,,859,15,,,0,70,,864,15,,,0,30,,869,15,,,0,70,,856,15,,,0,30,,875,15,,,0,70,,868,15,,,0,30,,876,15,,,0,70,,857,15,,,0,30,,854,15,,,0,70,,861,15,,,0,30,,853,15,,,0,70,,873,15,,,0,100,,872,15,,,0,100,,862,15,,,0,100,,863,15,,,0,100,,860,15,,,0,100,,870,15,,,0
2200,'f1732c01-0adc-4784-a0f8-928364ee839f',901,,884,15,,,0,100,,882,15,,,0,100,,881,15,,,0,100,,880,15,,,0,100,,879,15,,,0,100,,886,15,,,0,100,,888,15,,,0,100,,885,15,,,0,100,,887,15,,,0,100,,883,15,,,0
2200,'fe92844f-135c-45c8-be8c-06da32b92991',901,,895,15,,,0,100,,890,15,,,0,100,,897,15,,,0,100,,891,15,,,0,100,,889,15,,,0,100,,896,15,,,0,100,,898,15,,,0,100,,893,15,,,0,100,,894,15,,,0,100,,892,15,,,0
