1400,'0462342a-9353-4cbb-9104-3a5097e2906c',636,,357,22,,,0,100,,379,22,,,0,100,,367,22,,,0,100,,380,22,,,0,70,,356,22,,,0,30,,372,22,,,0,70,,375,22,,,0,30,,378,22,,,0,70,,361,22,,,0,30,,373,22,,,0,70,,363,22,,,0,30,,362,22,,,0,70,,359,22,,,0,30,,371,22,,,0,70,,360,22,,,0,30,,370,22,,,0,70,,369,22,,,0,30,,355,22,,,0,70,,365,22,,,0,30,,366,22,,,0,100,,364,22,,,0,100,,377,22,,,0,100,,374,22,,,0,100,,368,22,,,0,100,,358,22,,,0,100,,376,22,,,0
1400,'0fc92f77-a9db-4601-9469-0ad6e54f3e35',636,,387,22,,,0,100,,386,22,,,0,100,,385,22,,,0,100,,392,22,,,0,100,,381,22,,,0,100,,388,22,,,0,100,,397,22,,,0,100,,394,22,,,0,100,,384,22,,,0,100,,382,22,,,0,100,,390,22,,,0,100,,389,22,,,0,100,,383,22,,,0,100,,396,22,,,0,100,,393,22,,,0,100,,395,22,,,0,100,,391,22,,,0,100,,398,22,,,0
1400,'34fccac3-20c6-4987-8415-da996ea3c060',636,,411,22,,,0,100,,409,22,,,0,100,,402,22,,,0,100,,407,22,,,0,100,,401,22,,,0,100,,410,22,,,0,100,,400,22,,,0,100,,412,22,,,0,100,,416,22,,,0,100,,408,22,,,0,100,,406,22,,,0,100,,404,22,,,0,100,,414,22,,,0,100,,413,22,,,0,100,,415,22,,,0,100,,399,22,,,0,100,,403,22,,,0,100,,405,22,,,0
1400,'3b66bbc4-5a16-4173-841c-859a7a71bbe4',936,,425,22,,,0,100,,419,22,,,0,100,,426,22,,,0,100,,424,22,,,0,100,,420,22,,,0,100,,421,22,,,0,100,,418,22,,,0,100,,423,22,,,0,100,,417,22,,,0,100,,422,22,,,0
1400,'ac10e216-39b9-48ed-bbcc-647ae9ece7ef',636,,446,22,,,0,100,,450,22,,,0,100,,432,22,,,0,100,,438,22,,,0,70,,447,22,,,0,30,,452,22,,,0,70,,445,22,,,0,30,,428,22,,,0,70,,431,22,,,0,30,,444,22,,,0,70,,442,22,,,0,30,,429,22,,,0,70,,437,22,,,0,30,,434,22,,,0,70,,440,22,,,0,30,,451,22,,,0,70,,439,22,,,0,30,,449,22,,,0,70,,441,22,,,0,30,,433,22,,,0,100,,436,22,,,0,100,,443,22,,,0,100,,427,22,,,0,100,,435,22,,,0,100,,448,22,,,0,100,,430,22,,,0
1400,'f1732c01-0adc-4784-a0f8-928364ee839f',936,,462,22,,,0,100,,459,22,,,0,100,,461,22,,,0,100,,456,22,,,0,100,,460,22,,,0,100,,454,22,,,0,100,,455,22,,,0,100,,453,22,,,0,100,,458,22,,,0,100,,457,22,,,0
1400,'fe92844f-135c-45c8-be8c-06da32b92991',936,,466,22,,,0,100,,463,22,,,0,100,,464,22,,,0,100,,465,22,,,0,100,,472,22,,,0,100,,467,22,,,0,100,,470,22,,,0,100,,469,22,,,0,100,,468,22,,,0,100,,471,22,,,0
100100,'0fc92f77-a9db-4601-9469-0ad6e54f3e35',546,,1041,63,,,0
100100,'34fccac3-20c6-4987-8415-da996ea3c060',546,,1042,63,,,0
100401,'0fc92f77-a9db-4601-9469-0ad6e54f3e35',542,,1055,15,,,0
100401,'34fccac3-20c6-4987-8415-da996ea3c060',542,,1056,15,,,0
