1400,'0462342a-9353-4cbb-9104-3a5097e2906c',643,,357,66,,,0,100,,379,66,,,0,100,,367,66,,,0,100,,380,66,,,0,70,,356,66,,,0,30,,372,66,,,0,70,,375,66,,,0,30,,378,66,,,0,70,,361,66,,,0,30,,373,66,,,0,70,,363,66,,,0,30,,362,66,,,0,70,,359,66,,,0,30,,371,66,,,0,70,,360,66,,,0,30,,370,66,,,0,70,,369,66,,,0,30,,355,66,,,0,70,,365,66,,,0,30,,366,66,,,0,100,,364,66,,,0,100,,377,66,,,0,100,,374,66,,,0,100,,368,66,,,0,100,,358,66,,,0,100,,376,66,,,0
1400,'0fc92f77-a9db-4601-9469-0ad6e54f3e35',643,,387,66,,,0,100,,386,66,,,0,100,,385,66,,,0,100,,392,66,,,0,100,,381,66,,,0,100,,388,66,,,0,100,,397,66,,,0,100,,394,66,,,0,100,,384,66,,,0,100,,382,66,,,0,100,,390,66,,,0,100,,389,66,,,0,100,,383,66,,,0,100,,396,66,,,0,100,,393,66,,,0,100,,395,66,,,0,100,,391,66,,,0,100,,398,66,,,0
1400,'34fccac3-20c6-4987-8415-da996ea3c060',643,,411,66,,,0,100,,409,66,,,0,100,,402,66,,,0,100,,407,66,,,0,100,,401,66,,,0,100,,410,66,,,0,100,,400,66,,,0,100,,412,66,,,0,100,,416,66,,,0,100,,408,66,,,0,100,,406,66,,,0,100,,404,66,,,0,100,,414,66,,,0,100,,413,66,,,0,100,,415,66,,,0,100,,399,66,,,0,100,,403,66,,,0,100,,405,66,,,0
1400,'3b66bbc4-5a16-4173-841c-859a7a71bbe4',943,,425,66,,,0,100,,419,66,,,0,100,,426,66,,,0,100,,424,66,,,0,100,,420,66,,,0,100,,421,66,,,0,100,,418,66,,,0,100,,423,66,,,0,100,,417,66,,,0,100,,422,66,,,0
1400,'ac10e216-39b9-48ed-bbcc-647ae9ece7ef',643,,446,66,,,0,100,,450,66,,,0,100,,432,66,,,0,100,,438,66,,,0,70,,447,66,,,0,30,,452,66,,,0,70,,445,66,,,0,30,,428,66,,,0,70,,431,66,,,0,30,,444,66,,,0,70,,442,66,,,0,30,,429,66,,,0,70,,437,66,,,0,30,,434,66,,,0,70,,440,66,,,0,30,,451,66,,,0,70,,439,66,,,0,30,,449,66,,,0,70,,441,66,,,0,30,,433,66,,,0,100,,436,66,,,0,100,,443,66,,,0,100,,427,66,,,0,100,,435,66,,,0,100,,448,66,,,0,100,,430,66,,,0
1400,'f1732c01-0adc-4784-a0f8-928364ee839f',943,,462,66,,,0,100,,459,66,,,0,100,,461,66,,,0,100,,456,66,,,0,100,,460,66,,,0,100,,454,66,,,0,100,,455,66,,,0,100,,453,66,,,0,100,,458,66,,,0,100,,457,66,,,0
1400,'fe92844f-135c-45c8-be8c-06da32b92991',943,,466,66,,,0,100,,463,66,,,0,100,,464,66,,,0,100,,465,66,,,0,100,,472,66,,,0,100,,467,66,,,0,100,,470,66,,,0,100,,469,66,,,0,100,,468,66,,,0,100,,471,66,,,0
2200,'0462342a-9353-4cbb-9104-3a5097e2906c',608,,759,55,,,0,100,,771,55,,,0,100,,760,55,,,0,100,,763,55,,,0,100,,770,55,,,0,30,,762,55,,,0,70,,768,55,,,0,30,,778,55,,,0,70,,764,55,,,0,30,,781,55,,,0,70,,777,55,,,0,30,,773,55,,,0,70,,769,55,,,0,30,,761,55,,,0,70,,775,55,,,0,30,,767,55,,,0,70,,776,55,,,0,30,,780,55,,,0,70,,774,55,,,0,30,,766,55,,,0,70,,782,55,,,0,100,,779,55,,,0,100,,758,55,,,0,100,,765,55,,,0,100,,772,55,,,0,100,,757,55,,,0
2200,'0fc92f77-a9db-4601-9469-0ad6e54f3e35',608,,786,55,,,0,30,,795,55,,,0,70,,808,55,,,0,30,,807,55,,,0,70,,793,55,,,0,30,,794,55,,,0,70,,810,55,,,0,30,,791,55,,,0,70,,788,55,,,0,30,,805,55,,,0,70,,802,55,,,0,30,,792,55,,,0,70,,789,55,,,0,30,,812,55,,,0,70,,799,55,,,0,30,,798,55,,,0,70,,811,55,,,0,30,,806,55,,,0,70,,803,55,,,0,30,,783,55,,,0,70,,796,55,,,0,30,,790,55,,,0,70,,785,55,,,0,30,,804,55,,,0,70,,809,55,,,0,100,,800,55,,,0,100,,801,55,,,0,100,,797,55,,,0,100,,784,55,,,0,100,,787,55,,,0
2200,'34fccac3-20c6-4987-8415-da996ea3c060',608,,828,55,,,0,30,,831,55,,,0,70,,819,55,,,0,30,,829,55,,,0,70,,830,55,,,0,30,,834,55,,,0,70,,837,55,,,0,30,,840,55,,,0,70,,833,55,,,0,30,,816,55,,,0,70,,823,55,,,0,30,,841,55,,,0,70,,836,55,,,0,30,,820,55,,,0,70,,824,55,,,0,30,,839,55,,,0,70,,814,55,,,0,30,,842,55,,,0,70,,827,55,,,0,30,,817,55,,,0,70,,822,55,,,0,30,,818,55,,,0,70,,821,55,,,0,30,,838,55,,,0,70,,826,55,,,0,100,,813,55,,,0,100,,825,55,,,0,100,,835,55,,,0,100,,815,55,,,0,100,,832,55,,,0
2200,'3b66bbc4-5a16-4173-841c-859a7a71bbe4',908,,848,55,,,0,100,,849,55,,,0,100,,843,55,,,0,100,,845,55,,,0,100,,850,55,,,0,100,,852,55,,,0,100,,846,55,,,0,100,,847,55,,,0,100,,844,55,,,0,100,,851,55,,,0
2200,'ac10e216-39b9-48ed-bbcc-647ae9ece7ef',608,,871,55,,,0,100,,877,55,,,0,100,,878,55,,,0,100,,855,55,,,0,100,,865,55,,,0,30,,866,55,,,0,70,,867,55,,,0,30,,874,55,,,0,70,,858,55,,,0,30,,859,55,,,0,70,,864,55,,,0,30,,869,55,,,0,70,,856,55,,,0,30,,875,55,,,0,70,,868,55,,,0,30,,876,55,,,0,70,,857,55,,,0,30,,854,55,,,0,70,,861,55,,,0,30,,853,55,,,0,70,,873,55,,,0,100,,872,55,,,0,100,,862,55,,,0,100,,863,55,,,0,100,,860,55,,,0,100,,870,55,,,0
2200,'f1732c01-0adc-4784-a0f8-928364ee839f',908,,884,55,,,0,100,,882,55,,,0,100,,881,55,,,0,100,,880,55,,,0,100,,879,55,,,0,100,,886,55,,,0,100,,888,55,,,0,100,,885,55,,,0,100,,887,55,,,0,100,,883,55,,,0
2200,'fe92844f-135c-45c8-be8c-06da32b92991',908,,895,55,,,0,100,,890,55,,,0,100,,897,55,,,0,100,,891,55,,,0,100,,889,55,,,0,100,,896,55,,,0,100,,898,55,,,0,100,,893,55,,,0,100,,894,55,,,0,100,,892,55,,,0
