1700,'0fc92f77-a9db-4601-9469-0ad6e54f3e35',609,,620,36,,,0,30,,621,36,,,0,70,,616,36,,,0,30,,615,36,,,0,70,,617,36,,,0,30,,618,36,,,0,70,,622,36,,,0,30,,619,36,,,0
1700,'34fccac3-20c6-4987-8415-da996ea3c060',609,,625,36,,,0,30,,630,36,,,0,70,,628,36,,,0,30,,629,36,,,0,70,,626,36,,,0,30,,624,36,,,0,70,,627,36,,,0,30,,623,36,,,0
1701,'0462342a-9353-4cbb-9104-3a5097e2906c',639,,644,37,,,0,100,,632,37,,,0,100,,656,37,,,0,100,,636,37,,,0,70,,645,37,,,0,30,,648,37,,,0,70,,653,37,,,0,30,,635,37,,,0,70,,652,37,,,0,30,,643,37,,,0,70,,631,37,,,0,30,,641,37,,,0,70,,637,37,,,0,30,,642,37,,,0,70,,633,37,,,0,30,,638,37,,,0,70,,640,37,,,0,30,,639,37,,,0,70,,654,37,,,0,30,,655,37,,,0,100,,651,37,,,0,100,,650,37,,,0,100,,647,37,,,0,100,,646,37,,,0,100,,649,37,,,0,100,,634,37,,,0
1701,'0fc92f77-a9db-4601-9469-0ad6e54f3e35',1009,,670,37,,,0,30,,668,37,,,0,70,,667,37,,,0,30,,675,37,,,0,70,,676,37,,,0,30,,669,37,,,0,70,,678,37,,,0,30,,666,37,,,0,70,,660,37,,,0,30,,664,37,,,0,70,,674,37,,,0,30,,677,37,,,0,70,,661,37,,,0,30,,658,37,,,0,70,,662,37,,,0,30,,657,37,,,0,100,,672,37,,,0,100,,659,37,,,0,100,,671,37,,,0,100,,673,37,,,0,100,,665,37,,,0,100,,663,37,,,0
1701,'34fccac3-20c6-4987-8415-da996ea3c060',1009,,700,37,,,0,30,,692,37,,,0,70,,685,37,,,0,30,,698,37,,,0,70,,684,37,,,0,30,,690,37,,,0,70,,679,37,,,0,30,,682,37,,,0,70,,680,37,,,0,30,,693,37,,,0,70,,689,37,,,0,30,,687,37,,,0,70,,683,37,,,0,30,,691,37,,,0,70,,688,37,,,0,30,,695,37,,,0,100,,694,37,,,0,100,,696,37,,,0,100,,699,37,,,0,100,,697,37,,,0,100,,681,37,,,0,100,,686,37,,,0
1701,'3b66bbc4-5a16-4173-841c-859a7a71bbe4',939,,706,37,,,0,100,,709,37,,,0,100,,707,37,,,0,100,,703,37,,,0,100,,702,37,,,0,100,,704,37,,,0,100,,701,37,,,0,100,,705,37,,,0,100,,708,37,,,0,100,,710,37,,,0
1701,'ac10e216-39b9-48ed-bbcc-647ae9ece7ef',639,,713,37,,,0,100,,731,37,,,0,100,,734,37,,,0,100,,725,37,,,0,70,,714,37,,,0,30,,715,37,,,0,70,,724,37,,,0,30,,719,37,,,0,70,,730,37,,,0,30,,723,37,,,0,70,,716,37,,,0,30,,732,37,,,0,70,,736,37,,,0,30,,727,37,,,0,70,,735,37,,,0,30,,720,37,,,0,70,,718,37,,,0,30,,728,37,,,0,70,,717,37,,,0,30,,712,37,,,0,100,,711,37,,,0,100,,721,37,,,0,100,,733,37,,,0,100,,726,37,,,0,100,,722,37,,,0,100,,729,37,,,0
1701,'f1732c01-0adc-4784-a0f8-928364ee839f',939,,739,37,,,0,100,,742,37,,,0,100,,741,37,,,0,100,,738,37,,,0,100,,745,37,,,0,100,,743,37,,,0,100,,740,37,,,0,100,,737,37,,,0,100,,746,37,,,0,100,,744,37,,,0
1701,'fe92844f-135c-45c8-be8c-06da32b92991',939,,756,37,,,0,100,,752,37,,,0,100,,748,37,,,0,100,,749,37,,,0,100,,755,37,,,0,100,,754,37,,,0,100,,747,37,,,0,100,,750,37,,,0,100,,753,37,,,0,100,,751,37,,,0
100300,'0fc92f77-a9db-4601-9469-0ad6e54f3e35',1400,,1045,0,,,0,30,,1045,26,4,,0,70,,1043,0,,,0,30,,1043,26,4,,0,70,,1046,0,,,0,30,,1046,26,4,,0
100300,'34fccac3-20c6-4987-8415-da996ea3c060',1400,,1050,0,,,0,30,,1052,0,,,0,70,,1048,0,,,0,30,,1048,26,4,,0,70,,1049,0,,,0,30,,1049,26,4,,0
100400,'0fc92f77-a9db-4601-9469-0ad6e54f3e35',630,,1053,15,,,0
100400,'34fccac3-20c6-4987-8415-da996ea3c060',630,,1054,15,,,0
