800,'0462342a-9353-4cbb-9104-3a5097e2906c',603,,245,15,,,0,100,,251,15,,,0,100,,239,15,,,0,100,,242,15,,,0,100,,241,15,,,0,100,,247,15,,,0,100,,240,15,,,0,100,,238,15,,,0,100,,237,15,,,0,100,,250,15,,,0,100,,254,15,,,0,100,,243,15,,,0,100,,244,15,,,0,100,,253,15,,,0,100,,249,15,,,0,100,,246,15,,,0,100,,252,15,,,0,100,,248,15,,,0
800,'0fc92f77-a9db-4601-9469-0ad6e54f3e35',603,,256,15,,,0,100,,268,15,,,0,100,,255,15,,,0,100,,269,15,,,0,100,,261,15,,,0,30,,275,15,,,0,70,,277,15,,,0,30,,271,15,,,0,70,,273,15,,,0,30,,278,15,,,0,70,,262,15,,,0,30,,264,15,,,0,70,,263,15,,,0,30,,274,15,,,0,70,,270,15,,,0,30,,267,15,,,0,70,,258,15,,,0,30,,272,15,,,0,70,,279,15,,,0,30,,259,15,,,0,70,,260,15,,,0,100,,266,15,,,0,100,,276,15,,,0,100,,265,15,,,0,100,,257,15,,,0,100,,280,15,,,0
800,'34fccac3-20c6-4987-8415-da996ea3c060',603,,303,15,,,0,100,,297,15,,,0,100,,290,15,,,0,100,,285,15,,,0,100,,306,15,,,0,30,,296,15,,,0,70,,286,15,,,0,30,,287,15,,,0,70,,284,15,,,0,30,,299,15,,,0,70,,305,15,,,0,30,,283,15,,,0,70,,304,15,,,0,30,,288,15,,,0,70,,281,15,,,0,30,,292,15,,,0,70,,282,15,,,0,30,,300,15,,,0,70,,301,15,,,0,30,,294,15,,,0,70,,291,15,,,0,100,,295,15,,,0,100,,293,15,,,0,100,,302,15,,,0,100,,289,15,,,0,100,,298,15,,,0
800,'3b66bbc4-5a16-4173-841c-859a7a71bbe4',903,,307,15,,,0,100,,308,15,,,0,100,,312,15,,,0,100,,315,15,,,0,100,,311,15,,,0,100,,316,15,,,0,100,,309,15,,,0,100,,310,15,,,0,100,,313,15,,,0,100,,314,15,,,0
800,'ac10e216-39b9-48ed-bbcc-647ae9ece7ef',603,,319,15,,,0,100,,326,15,,,0,100,,321,15,,,0,100,,334,15,,,0,100,,324,15,,,0,100,,330,15,,,0,100,,327,15,,,0,100,,318,15,,,0,100,,317,15,,,0,100,,333,15,,,0,100,,328,15,,,0,100,,329,15,,,0,100,,331,15,,,0,100,,322,15,,,0,100,,320,15,,,0,100,,325,15,,,0,100,,332,15,,,0,100,,323,15,,,0
800,'f1732c01-0adc-4784-a0f8-928364ee839f',903,,337,15,,,0,100,,338,15,,,0,100,,341,15,,,0,100,,344,15,,,0,100,,340,15,,,0,100,,343,15,,,0,100,,336,15,,,0,100,,335,15,,,0,100,,339,15,,,0,100,,342,15,,,0
800,'fe92844f-135c-45c8-be8c-06da32b92991',903,,348,15,,,0,100,,352,15,,,0,100,,350,15,,,0,100,,345,15,,,0,100,,349,15,,,0,100,,347,15,,,0,100,,346,15,,,0,100,,351,15,,,0,100,,354,15,,,0,100,,353,15,,,0
2200,'0462342a-9353-4cbb-9104-3a5097e2906c',603,,759,28,,,0,100,,771,28,,,0,100,,760,28,,,0,100,,763,28,,,0,100,,770,28,,,0,30,,762,28,,,0,70,,768,28,,,0,30,,778,28,,,0,70,,764,28,,,0,30,,781,28,,,0,70,,777,28,,,0,30,,773,28,,,0,70,,769,28,,,0,30,,761,28,,,0,70,,775,28,,,0,30,,767,28,,,0,70,,776,28,,,0,30,,780,28,,,0,70,,774,28,,,0,30,,766,28,,,0,70,,782,28,,,0,100,,779,28,,,0,100,,758,28,,,0,100,,765,28,,,0,100,,772,28,,,0,100,,757,28,,,0
2200,'0fc92f77-a9db-4601-9469-0ad6e54f3e35',603,,786,28,,,0,30,,795,28,,,0,70,,808,28,,,0,30,,807,28,,,0,70,,793,28,,,0,30,,794,28,,,0,70,,810,28,,,0,30,,791,28,,,0,70,,788,28,,,0,30,,805,28,,,0,70,,802,28,,,0,30,,792,28,,,0,70,,789,28,,,0,30,,812,28,,,0,70,,799,28,,,0,30,,798,28,,,0,70,,811,28,,,0,30,,806,28,,,0,70,,803,28,,,0,30,,783,28,,,0,70,,796,28,,,0,30,,790,28,,,0,70,,785,28,,,0,30,,804,28,,,0,70,,809,28,,,0,100,,800,28,,,0,100,,801,28,,,0,100,,797,28,,,0,100,,784,28,,,0,100,,787,28,,,0
2200,'34fccac3-20c6-4987-8415-da996ea3c060',603,,828,28,,,0,30,,831,28,,,0,70,,819,28,,,0,30,,829,28,,,0,70,,830,28,,,0,30,,834,28,,,0,70,,837,28,,,0,30,,840,28,,,0,70,,833,28,,,0,30,,816,28,,,0,70,,823,28,,,0,30,,841,28,,,0,70,,836,28,,,0,30,,820,28,,,0,70,,824,28,,,0,30,,839,28,,,0,70,,814,28,,,0,30,,842,28,,,0,70,,827,28,,,0,30,,817,28,,,0,70,,822,28,,,0,30,,818,28,,,0,70,,821,28,,,0,30,,838,28,,,0,70,,826,28,,,0,100,,813,28,,,0,100,,825,28,,,0,100,,835,28,,,0,100,,815,28,,,0,100,,832,28,,,0
2200,'3b66bbc4-5a16-4173-841c-859a7a71bbe4',903,,848,28,,,0,100,,849,28,,,0,100,,843,28,,,0,100,,845,28,,,0,100,,850,28,,,0,100,,852,28,,,0,100,,846,28,,,0,100,,847,28,,,0,100,,844,28,,,0,100,,851,28,,,0
2200,'ac10e216-39b9-48ed-bbcc-647ae9ece7ef',603,,871,28,,,0,100,,877,28,,,0,100,,878,28,,,0,100,,855,28,,,0,100,,865,28,,,0,30,,866,28,,,0,70,,867,28,,,0,30,,874,28,,,0,70,,858,28,,,0,30,,859,28,,,0,70,,864,28,,,0,30,,869,28,,,0,70,,856,28,,,0,30,,875,28,,,0,70,,868,28,,,0,30,,876,28,,,0,70,,857,28,,,0,30,,854,28,,,0,70,,861,28,,,0,30,,853,28,,,0,70,,873,28,,,0,100,,872,28,,,0,100,,862,28,,,0,100,,863,28,,,0,100,,860,28,,,0,100,,870,28,,,0
2200,'f1732c01-0adc-4784-a0f8-928364ee839f',903,,884,28,,,0,100,,882,28,,,0,100,,881,28,,,0,100,,880,28,,,0,100,,879,28,,,0,100,,886,28,,,0,100,,888,28,,,0,100,,885,28,,,0,100,,887,28,,,0,100,,883,28,,,0
2200,'fe92844f-135c-45c8-be8c-06da32b92991',903,,895,28,,,0,100,,890,28,,,0,100,,897,28,,,0,100,,891,28,,,0,100,,889,28,,,0,100,,896,28,,,0,100,,898,28,,,0,100,,893,28,,,0,100,,894,28,,,0,100,,892,28,,,0
