800,'0462342a-9353-4cbb-9104-3a5097e2906c',603,,245,14,,,0,100,,251,14,,,0,100,,239,14,,,0,100,,242,14,,,0,100,,241,14,,,0,100,,247,14,,,0,100,,240,14,,,0,100,,238,14,,,0,100,,237,14,,,0,100,,250,14,,,0,100,,254,14,,,0,100,,243,14,,,0,100,,244,14,,,0,100,,253,14,,,0,100,,249,14,,,0,100,,246,14,,,0,100,,252,14,,,0,100,,248,14,,,0
800,'0fc92f77-a9db-4601-9469-0ad6e54f3e35',603,,256,14,,,0,100,,268,14,,,0,100,,255,14,,,0,100,,269,14,,,0,100,,261,14,,,0,30,,275,14,,,0,70,,277,14,,,0,30,,271,14,,,0,70,,273,14,,,0,30,,278,14,,,0,70,,262,14,,,0,30,,264,14,,,0,70,,263,14,,,0,30,,274,14,,,0,70,,270,14,,,0,30,,267,14,,,0,70,,258,14,,,0,30,,272,14,,,0,70,,279,14,,,0,30,,259,14,,,0,70,,260,14,,,0,100,,266,14,,,0,100,,276,14,,,0,100,,265,14,,,0,100,,257,14,,,0,100,,280,14,,,0
800,'34fccac3-20c6-4987-8415-da996ea3c060',603,,303,14,,,0,100,,297,14,,,0,100,,290,14,,,0,100,,285,14,,,0,100,,306,14,,,0,30,,296,14,,,0,70,,286,14,,,0,30,,287,14,,,0,70,,284,14,,,0,30,,299,14,,,0,70,,305,14,,,0,30,,283,14,,,0,70,,304,14,,,0,30,,288,14,,,0,70,,281,14,,,0,30,,292,14,,,0,70,,282,14,,,0,30,,300,14,,,0,70,,301,14,,,0,30,,294,14,,,0,70,,291,14,,,0,100,,295,14,,,0,100,,293,14,,,0,100,,302,14,,,0,100,,289,14,,,0,100,,298,14,,,0
800,'3b66bbc4-5a16-4173-841c-859a7a71bbe4',903,,307,14,,,0,100,,308,14,,,0,100,,312,14,,,0,100,,315,14,,,0,100,,311,14,,,0,100,,316,14,,,0,100,,309,14,,,0,100,,310,14,,,0,100,,313,14,,,0,100,,314,14,,,0
800,'ac10e216-39b9-48ed-bbcc-647ae9ece7ef',603,,319,14,,,0,100,,326,14,,,0,100,,321,14,,,0,100,,334,14,,,0,100,,324,14,,,0,100,,330,14,,,0,100,,327,14,,,0,100,,318,14,,,0,100,,317,14,,,0,100,,333,14,,,0,100,,328,14,,,0,100,,329,14,,,0,100,,331,14,,,0,100,,322,14,,,0,100,,320,14,,,0,100,,325,14,,,0,100,,332,14,,,0,100,,323,14,,,0
800,'f1732c01-0adc-4784-a0f8-928364ee839f',903,,337,14,,,0,100,,338,14,,,0,100,,341,14,,,0,100,,344,14,,,0,100,,340,14,,,0,100,,343,14,,,0,100,,336,14,,,0,100,,335,14,,,0,100,,339,14,,,0,100,,342,14,,,0
800,'fe92844f-135c-45c8-be8c-06da32b92991',903,,348,14,,,0,100,,352,14,,,0,100,,350,14,,,0,100,,345,14,,,0,100,,349,14,,,0,100,,347,14,,,0,100,,346,14,,,0,100,,351,14,,,0,100,,354,14,,,0,100,,353,14,,,0
2200,'0462342a-9353-4cbb-9104-3a5097e2906c',603,,759,25,,,0,100,,771,25,,,0,100,,760,25,,,0,100,,763,25,,,0,100,,770,25,,,0,30,,762,25,,,0,70,,768,25,,,0,30,,778,25,,,0,70,,764,25,,,0,30,,781,25,,,0,70,,777,25,,,0,30,,773,25,,,0,70,,769,25,,,0,30,,761,25,,,0,70,,775,25,,,0,30,,767,25,,,0,70,,776,25,,,0,30,,780,25,,,0,70,,774,25,,,0,30,,766,25,,,0,70,,782,25,,,0,100,,779,25,,,0,100,,758,25,,,0,100,,765,25,,,0,100,,772,25,,,0,100,,757,25,,,0
2200,'0fc92f77-a9db-4601-9469-0ad6e54f3e35',603,,786,25,,,0,30,,795,25,,,0,70,,808,25,,,0,30,,807,25,,,0,70,,793,25,,,0,30,,794,25,,,0,70,,810,25,,,0,30,,791,25,,,0,70,,788,25,,,0,30,,805,25,,,0,70,,802,25,,,0,30,,792,25,,,0,70,,789,25,,,0,30,,812,25,,,0,70,,799,25,,,0,30,,798,25,,,0,70,,811,25,,,0,30,,806,25,,,0,70,,803,25,,,0,30,,783,25,,,0,70,,796,25,,,0,30,,790,25,,,0,70,,785,25,,,0,30,,804,25,,,0,70,,809,25,,,0,100,,800,25,,,0,100,,801,25,,,0,100,,797,25,,,0,100,,784,25,,,0,100,,787,25,,,0
2200,'34fccac3-20c6-4987-8415-da996ea3c060',603,,828,25,,,0,30,,831,25,,,0,70,,819,25,,,0,30,,829,25,,,0,70,,830,25,,,0,30,,834,25,,,0,70,,837,25,,,0,30,,840,25,,,0,70,,833,25,,,0,30,,816,25,,,0,70,,823,25,,,0,30,,841,25,,,0,70,,836,25,,,0,30,,820,25,,,0,70,,824,25,,,0,30,,839,25,,,0,70,,814,25,,,0,30,,842,25,,,0,70,,827,25,,,0,30,,817,25,,,0,70,,822,25,,,0,30,,818,25,,,0,70,,821,25,,,0,30,,838,25,,,0,70,,826,25,,,0,100,,813,25,,,0,100,,825,25,,,0,100,,835,25,,,0,100,,815,25,,,0,100,,832,25,,,0
2200,'3b66bbc4-5a16-4173-841c-859a7a71bbe4',903,,848,25,,,0,100,,849,25,,,0,100,,843,25,,,0,100,,845,25,,,0,100,,850,25,,,0,100,,852,25,,,0,100,,846,25,,,0,100,,847,25,,,0,100,,844,25,,,0,100,,851,25,,,0
2200,'ac10e216-39b9-48ed-bbcc-647ae9ece7ef',603,,871,25,,,0,100,,877,25,,,0,100,,878,25,,,0,100,,855,25,,,0,100,,865,25,,,0,30,,866,25,,,0,70,,867,25,,,0,30,,874,25,,,0,70,,858,25,,,0,30,,859,25,,,0,70,,864,25,,,0,30,,869,25,,,0,70,,856,25,,,0,30,,875,25,,,0,70,,868,25,,,0,30,,876,25,,,0,70,,857,25,,,0,30,,854,25,,,0,70,,861,25,,,0,30,,853,25,,,0,70,,873,25,,,0,100,,872,25,,,0,100,,862,25,,,0,100,,863,25,,,0,100,,860,25,,,0,100,,870,25,,,0
2200,'f1732c01-0adc-4784-a0f8-928364ee839f',903,,884,25,,,0,100,,882,25,,,0,100,,881,25,,,0,100,,880,25,,,0,100,,879,25,,,0,100,,886,25,,,0,100,,888,25,,,0,100,,885,25,,,0,100,,887,25,,,0,100,,883,25,,,0
2200,'fe92844f-135c-45c8-be8c-06da32b92991',903,,895,25,,,0,100,,890,25,,,0,100,,897,25,,,0,100,,891,25,,,0,100,,889,25,,,0,100,,896,25,,,0,100,,898,25,,,0,100,,893,25,,,0,100,,894,25,,,0,100,,892,25,,,0
