2200,'0ca7a4e8-8deb-447f-af95-efcb11d44b49',613,,1846,87,,,0,30,,1829,87,,,0,70,,1819,87,,,0,30,,1824,87,,,0,70,,1842,87,,,0,30,,1830,87,,,0,70,,1822,87,,,0,30,,1843,87,,,0,70,,1839,87,,,0,30,,1820,87,,,0,70,,1826,87,,,0,30,,1835,87,,,0,70,,1818,87,,,0,30,,1836,87,,,0,70,,1833,87,,,0,30,,1817,87,,,0,70,,1821,87,,,0,30,,1823,87,,,0,70,,1840,87,,,0,30,,1834,87,,,0,70,,1828,87,,,0,30,,1837,87,,,0,70,,1827,87,,,0,30,,1838,87,,,0,70,,1841,87,,,0,100,,1844,87,,,0,100,,1825,87,,,0,100,,1831,87,,,0,100,,1832,87,,,0,100,,1845,87,,,0
2200,'2c0118e0-aa39-4d23-8fdf-0ad2ee311f15',913,,1847,87,,,0,100,,1849,87,,,0,100,,1856,87,,,0,100,,1854,87,,,0,100,,1853,87,,,0,100,,1855,87,,,0,100,,1851,87,,,0,100,,1850,87,,,0,100,,1852,87,,,0,100,,1848,87,,,0
2200,'54965835-d4b5-43a4-a454-864d26728dd3',613,,1859,87,,,0,100,,1876,87,,,0,100,,1870,87,,,0,100,,1879,87,,,0,100,,1863,87,,,0,30,,1877,87,,,0,70,,1881,87,,,0,30,,1864,87,,,0,70,,1867,87,,,0,30,,1880,87,,,0,70,,1869,87,,,0,30,,1882,87,,,0,70,,1874,87,,,0,30,,1860,87,,,0,70,,1857,87,,,0,30,,1868,87,,,0,70,,1861,87,,,0,30,,1871,87,,,0,70,,1858,87,,,0,30,,1873,87,,,0,70,,1878,87,,,0,100,,1862,87,,,0,100,,1872,87,,,0,100,,1866,87,,,0,100,,1875,87,,,0,100,,1865,87,,,0
2200,'8d033c22-56c5-460f-aa74-cffac53817d7',613,,1908,87,,,0,30,,1910,87,,,0,70,,1912,87,,,0,30,,1899,87,,,0,70,,1907,87,,,0,30,,1894,87,,,0,70,,1885,87,,,0,30,,1887,87,,,0,70,,1890,87,,,0,30,,1895,87,,,0,70,,1903,87,,,0,30,,1901,87,,,0,70,,1891,87,,,0,30,,1884,87,,,0,70,,1906,87,,,0,30,,1892,87,,,0,70,,1900,87,,,0,30,,1898,87,,,0,70,,1905,87,,,0,30,,1888,87,,,0,70,,1893,87,,,0,30,,1911,87,,,0,70,,1902,87,,,0,30,,1897,87,,,0,70,,1904,87,,,0,100,,1886,87,,,0,100,,1883,87,,,0,100,,1889,87,,,0,100,,1909,87,,,0,100,,1896,87,,,0
2200,'af66423d-6b82-4070-a66d-7fd5455f4ee0',613,,1938,87,,,0,100,,1916,87,,,0,100,,1932,87,,,0,100,,1937,87,,,0,100,,1933,87,,,0,30,,1924,87,,,0,70,,1922,87,,,0,30,,1920,87,,,0,70,,1913,87,,,0,30,,1923,87,,,0,70,,1915,87,,,0,30,,1935,87,,,0,70,,1934,87,,,0,30,,1930,87,,,0,70,,1929,87,,,0,30,,1921,87,,,0,70,,1936,87,,,0,30,,1931,87,,,0,70,,1918,87,,,0,30,,1927,87,,,0,70,,1917,87,,,0,100,,1926,87,,,0,100,,1919,87,,,0,100,,1925,87,,,0,100,,1928,87,,,0,100,,1914,87,,,0
2200,'ccbf4b4f-97af-4307-91ea-d9053fc08e17',913,,1945,87,,,0,100,,1948,87,,,0,100,,1944,87,,,0,100,,1940,87,,,0,100,,1941,87,,,0,100,,1942,87,,,0,100,,1943,87,,,0,100,,1947,87,,,0,100,,1939,87,,,0,100,,1946,87,,,0
2200,'e8ef8160-ae13-4ecf-849b-1dc14c9e1cc7',913,,1957,87,,,0,100,,1954,87,,,0,100,,1951,87,,,0,100,,1956,87,,,0,100,,1952,87,,,0,100,,1958,87,,,0,100,,1950,87,,,0,100,,1949,87,,,0,100,,1955,87,,,0,100,,1953,87,,,0
100800,'0ca7a4e8-8deb-447f-af95-efcb11d44b49',2431,,2117,3,,,0
100800,'8d033c22-56c5-460f-aa74-cffac53817d7',2431,,2118,3,,,0
100900,'0ca7a4e8-8deb-447f-af95-efcb11d44b49',2544,,2119,3,,,0
100900,'8d033c22-56c5-460f-aa74-cffac53817d7',2544,,2120,3,,,0
