1400,'0ca7a4e8-8deb-447f-af95-efcb11d44b49',630,,1430,3,,,0,100,,1431,3,,,0,100,,1419,3,,,0,100,,1421,3,,,0,100,,1432,3,,,0,100,,1422,3,,,0,100,,1420,3,,,0,100,,1427,3,,,0,100,,1425,3,,,0,100,,1429,3,,,0,100,,1418,3,,,0,100,,1428,3,,,0,100,,1415,3,,,0,100,,1416,3,,,0,100,,1426,3,,,0,100,,1417,3,,,0,100,,1423,3,,,0,100,,1424,3,,,0
1400,'2c0118e0-aa39-4d23-8fdf-0ad2ee311f15',930,,1440,3,,,0,100,,1442,3,,,0,100,,1439,3,,,0,100,,1434,3,,,0,100,,1436,3,,,0,100,,1441,3,,,0,100,,1438,3,,,0,100,,1437,3,,,0,100,,1435,3,,,0,100,,1433,3,,,0
1400,'54965835-d4b5-43a4-a454-864d26728dd3',630,,1444,3,,,0,100,,1443,3,,,0,100,,1454,3,,,0,100,,1460,3,,,0,70,,1466,3,,,0,30,,1468,3,,,0,70,,1461,3,,,0,30,,1457,3,,,0,70,,1458,3,,,0,30,,1453,3,,,0,70,,1447,3,,,0,30,,1467,3,,,0,70,,1462,3,,,0,30,,1455,3,,,0,70,,1449,3,,,0,30,,1459,3,,,0,70,,1465,3,,,0,30,,1450,3,,,0,70,,1446,3,,,0,30,,1463,3,,,0,100,,1452,3,,,0,100,,1456,3,,,0,100,,1451,3,,,0,100,,1445,3,,,0,100,,1448,3,,,0,100,,1464,3,,,0
1400,'8d033c22-56c5-460f-aa74-cffac53817d7',630,,1485,3,,,0,100,,1475,3,,,0,100,,1481,3,,,0,100,,1479,3,,,0,100,,1483,3,,,0,100,,1482,3,,,0,100,,1484,3,,,0,100,,1477,3,,,0,100,,1478,3,,,0,100,,1473,3,,,0,100,,1469,3,,,0,100,,1470,3,,,0,100,,1486,3,,,0,100,,1480,3,,,0,100,,1471,3,,,0,100,,1474,3,,,0,100,,1476,3,,,0,100,,1472,3,,,0
1400,'af66423d-6b82-4070-a66d-7fd5455f4ee0',630,,1498,3,,,0,100,,1508,3,,,0,100,,1497,3,,,0,100,,1503,3,,,0,70,,1510,3,,,0,30,,1500,3,,,0,70,,1502,3,,,0,30,,1491,3,,,0,70,,1487,3,,,0,30,,1489,3,,,0,70,,1501,3,,,0,30,,1506,3,,,0,70,,1504,3,,,0,30,,1496,3,,,0,70,,1507,3,,,0,30,,1492,3,,,0,70,,1499,3,,,0,30,,1505,3,,,0,70,,1512,3,,,0,30,,1493,3,,,0,100,,1511,3,,,0,100,,1509,3,,,0,100,,1490,3,,,0,100,,1488,3,,,0,100,,1495,3,,,0,100,,1494,3,,,0
1400,'ccbf4b4f-97af-4307-91ea-d9053fc08e17',930,,1516,3,,,0,100,,1514,3,,,0,100,,1513,3,,,0,100,,1517,3,,,0,100,,1522,3,,,0,100,,1521,3,,,0,100,,1515,3,,,0,100,,1518,3,,,0,100,,1519,3,,,0,100,,1520,3,,,0
1400,'e8ef8160-ae13-4ecf-849b-1dc14c9e1cc7',930,,1523,3,,,0,100,,1525,3,,,0,100,,1532,3,,,0,100,,1526,3,,,0,100,,1530,3,,,0,100,,1529,3,,,0,100,,1531,3,,,0,100,,1528,3,,,0,100,,1527,3,,,0,100,,1524,3,,,0
2300,'0ca7a4e8-8deb-447f-af95-efcb11d44b49',600,,1985,3,,,0,30,,1977,3,,,0,70,,1972,3,,,0,30,,1981,3,,,0,70,,1962,3,,,0,30,,1971,3,,,0,70,,1963,3,,,0,30,,1976,3,,,0,70,,1984,3,,,0,30,,1970,3,,,0,70,,1974,3,,,0,30,,1959,3,,,0,70,,1987,3,,,0,30,,1978,3,,,0,70,,1967,3,,,0,30,,1988,3,,,0,70,,1966,3,,,0,30,,1965,3,,,0,70,,1986,3,,,0,30,,1969,3,,,0,70,,1964,3,,,0,30,,1979,3,,,0,70,,1982,3,,,0,30,,1980,3,,,0,70,,1975,3,,,0,100,,1960,3,,,0,100,,1968,3,,,0,100,,1983,3,,,0,100,,1961,3,,,0,100,,1973,3,,,0
2300,'2c0118e0-aa39-4d23-8fdf-0ad2ee311f15',900,,1991,3,,,0,100,,1997,3,,,0,100,,1993,3,,,0,100,,1998,3,,,0,100,,1994,3,,,0,100,,1992,3,,,0,100,,1989,3,,,0,100,,1996,3,,,0,100,,1990,3,,,0,100,,1995,3,,,0
2300,'54965835-d4b5-43a4-a454-864d26728dd3',600,,2010,3,,,0,100,,2001,3,,,0,100,,2002,3,,,0,100,,2008,3,,,0,100,,2022,3,,,0,30,,2014,3,,,0,70,,2023,3,,,0,30,,2024,3,,,0,70,,2007,3,,,0,30,,2018,3,,,0,70,,2017,3,,,0,30,,2019,3,,,0,70,,2016,3,,,0,30,,2021,3,,,0,70,,1999,3,,,0,30,,2006,3,,,0,70,,2003,3,,,0,30,,2005,3,,,0,70,,2020,3,,,0,30,,2011,3,,,0,70,,2000,3,,,0,100,,2013,3,,,0,100,,2004,3,,,0,100,,2015,3,,,0,100,,2012,3,,,0,100,,2009,3,,,0
2300,'8d033c22-56c5-460f-aa74-cffac53817d7',600,,2049,3,,,0,30,,2030,3,,,0,70,,2038,3,,,0,30,,2031,3,,,0,70,,2044,3,,,0,30,,2043,3,,,0,70,,2053,3,,,0,30,,2035,3,,,0,70,,2047,3,,,0,30,,2036,3,,,0,70,,2028,3,,,0,30,,2040,3,,,0,70,,2026,3,,,0,30,,2041,3,,,0,70,,2045,3,,,0,30,,2034,3,,,0,70,,2039,3,,,0,30,,2052,3,,,0,70,,2054,3,,,0,30,,2046,3,,,0,70,,2032,3,,,0,30,,2033,3,,,0,70,,2048,3,,,0,30,,2025,3,,,0,70,,2029,3,,,0,100,,2042,3,,,0,100,,2027,3,,,0,100,,2051,3,,,0,100,,2050,3,,,0,100,,2037,3,,,0
2300,'af66423d-6b82-4070-a66d-7fd5455f4ee0',600,,2073,3,,,0,100,,2070,3,,,0,100,,2055,3,,,0,100,,2061,3,,,0,100,,2065,3,,,0,30,,2068,3,,,0,70,,2077,3,,,0,30,,2059,3,,,0,70,,2067,3,,,0,30,,2064,3,,,0,70,,2062,3,,,0,30,,2060,3,,,0,70,,2078,3,,,0,30,,2074,3,,,0,70,,2056,3,,,0,30,,2058,3,,,0,70,,2063,3,,,0,30,,2080,3,,,0,70,,2079,3,,,0,30,,2069,3,,,0,70,,2075,3,,,0,100,,2057,3,,,0,100,,2076,3,,,0,100,,2066,3,,,0,100,,2072,3,,,0,100,,2071,3,,,0
2300,'ccbf4b4f-97af-4307-91ea-d9053fc08e17',900,,2082,3,,,0,100,,2087,3,,,0,100,,2088,3,,,0,100,,2081,3,,,0,100,,2083,3,,,0,100,,2090,3,,,0,100,,2089,3,,,0,100,,2084,3,,,0,100,,2085,3,,,0,100,,2086,3,,,0
2300,'e8ef8160-ae13-4ecf-849b-1dc14c9e1cc7',900,,2099,3,,,0,100,,2100,3,,,0,100,,2091,3,,,0,100,,2098,3,,,0,100,,2094,3,,,0,100,,2092,3,,,0,100,,2096,3,,,0,100,,2093,3,,,0,100,,2095,3,,,0,100,,2097,3,,,0
