1400,'0ca7a4e8-8deb-447f-af95-efcb11d44b49',631,,1430,6,,,0,100,,1431,6,,,0,100,,1419,6,,,0,100,,1421,6,,,0,100,,1432,6,,,0,100,,1422,6,,,0,100,,1420,6,,,0,100,,1427,6,,,0,100,,1425,6,,,0,100,,1429,6,,,0,100,,1418,6,,,0,100,,1428,6,,,0,100,,1415,6,,,0,100,,1416,6,,,0,100,,1426,6,,,0,100,,1417,6,,,0,100,,1423,6,,,0,100,,1424,6,,,0
1400,'2c0118e0-aa39-4d23-8fdf-0ad2ee311f15',931,,1440,6,,,0,100,,1442,6,,,0,100,,1439,6,,,0,100,,1434,6,,,0,100,,1436,6,,,0,100,,1441,6,,,0,100,,1438,6,,,0,100,,1437,6,,,0,100,,1435,6,,,0,100,,1433,6,,,0
1400,'54965835-d4b5-43a4-a454-864d26728dd3',631,,1444,6,,,0,100,,1443,6,,,0,100,,1454,6,,,0,100,,1460,6,,,0,70,,1466,6,,,0,30,,1468,6,,,0,70,,1461,6,,,0,30,,1457,6,,,0,70,,1458,6,,,0,30,,1453,6,,,0,70,,1447,6,,,0,30,,1467,6,,,0,70,,1462,6,,,0,30,,1455,6,,,0,70,,1449,6,,,0,30,,1459,6,,,0,70,,1465,6,,,0,30,,1450,6,,,0,70,,1446,6,,,0,30,,1463,6,,,0,100,,1452,6,,,0,100,,1456,6,,,0,100,,1451,6,,,0,100,,1445,6,,,0,100,,1448,6,,,0,100,,1464,6,,,0
1400,'8d033c22-56c5-460f-aa74-cffac53817d7',631,,1485,6,,,0,100,,1475,6,,,0,100,,1481,6,,,0,100,,1479,6,,,0,100,,1483,6,,,0,100,,1482,6,,,0,100,,1484,6,,,0,100,,1477,6,,,0,100,,1478,6,,,0,100,,1473,6,,,0,100,,1469,6,,,0,100,,1470,6,,,0,100,,1486,6,,,0,100,,1480,6,,,0,100,,1471,6,,,0,100,,1474,6,,,0,100,,1476,6,,,0,100,,1472,6,,,0
1400,'af66423d-6b82-4070-a66d-7fd5455f4ee0',631,,1498,6,,,0,100,,1508,6,,,0,100,,1497,6,,,0,100,,1503,6,,,0,70,,1510,6,,,0,30,,1500,6,,,0,70,,1502,6,,,0,30,,1491,6,,,0,70,,1487,6,,,0,30,,1489,6,,,0,70,,1501,6,,,0,30,,1506,6,,,0,70,,1504,6,,,0,30,,1496,6,,,0,70,,1507,6,,,0,30,,1492,6,,,0,70,,1499,6,,,0,30,,1505,6,,,0,70,,1512,6,,,0,30,,1493,6,,,0,100,,1511,6,,,0,100,,1509,6,,,0,100,,1490,6,,,0,100,,1488,6,,,0,100,,1495,6,,,0,100,,1494,6,,,0
1400,'ccbf4b4f-97af-4307-91ea-d9053fc08e17',931,,1516,6,,,0,100,,1514,6,,,0,100,,1513,6,,,0,100,,1517,6,,,0,100,,1522,6,,,0,100,,1521,6,,,0,100,,1515,6,,,0,100,,1518,6,,,0,100,,1519,6,,,0,100,,1520,6,,,0
1400,'e8ef8160-ae13-4ecf-849b-1dc14c9e1cc7',931,,1523,6,,,0,100,,1525,6,,,0,100,,1532,6,,,0,100,,1526,6,,,0,100,,1530,6,,,0,100,,1529,6,,,0,100,,1531,6,,,0,100,,1528,6,,,0,100,,1527,6,,,0,100,,1524,6,,,0
1500,'0ca7a4e8-8deb-447f-af95-efcb11d44b49',619,,1537,70,,,0,30,,1559,70,,,0,70,,1562,70,,,0,30,,1550,70,,,0,70,,1533,70,,,0,30,,1551,70,,,0,70,,1548,70,,,0,30,,1554,70,,,0,70,,1560,70,,,0,30,,1541,70,,,0,70,,1542,70,,,0,30,,1544,70,,,0,70,,1557,70,,,0,30,,1552,70,,,0,70,,1549,70,,,0,30,,1539,70,,,0,70,,1535,70,,,0,30,,1547,70,,,0,70,,1555,70,,,0,30,,1556,70,,,0,70,,1536,70,,,0,30,,1561,70,,,0,70,,1538,70,,,0,30,,1540,70,,,0,100,,1546,70,,,0,100,,1553,70,,,0,100,,1543,70,,,0,100,,1534,70,,,0,100,,1558,70,,,0,100,,1545,70,,,0
1500,'2c0118e0-aa39-4d23-8fdf-0ad2ee311f15',949,,1569,70,,,0,100,,1568,70,,,0,100,,1563,70,,,0,100,,1567,70,,,0,100,,1572,70,,,0,100,,1565,70,,,0,100,,1571,70,,,0,100,,1566,70,,,0,100,,1564,70,,,0,100,,1570,70,,,0
1500,'54965835-d4b5-43a4-a454-864d26728dd3',649,,1577,70,,,0,100,,1596,70,,,0,100,,1591,70,,,0,100,,1579,70,,,0,70,,1578,70,,,0,30,,1595,70,,,0,70,,1590,70,,,0,30,,1575,70,,,0,70,,1588,70,,,0,30,,1584,70,,,0,70,,1573,70,,,0,30,,1592,70,,,0,70,,1594,70,,,0,30,,1582,70,,,0,70,,1587,70,,,0,30,,1583,70,,,0,70,,1581,70,,,0,30,,1580,70,,,0,70,,1589,70,,,0,30,,1593,70,,,0,100,,1574,70,,,0,100,,1586,70,,,0,100,,1585,70,,,0,100,,1597,70,,,0,100,,1598,70,,,0,100,,1576,70,,,0
1500,'8d033c22-56c5-460f-aa74-cffac53817d7',619,,1617,70,,,0,30,,1615,70,,,0,70,,1611,70,,,0,30,,1602,70,,,0,70,,1612,70,,,0,30,,1609,70,,,0,70,,1626,70,,,0,30,,1605,70,,,0,70,,1628,70,,,0,30,,1622,70,,,0,70,,1619,70,,,0,30,,1624,70,,,0,70,,1610,70,,,0,30,,1616,70,,,0,70,,1620,70,,,0,30,,1607,70,,,0,70,,1600,70,,,0,30,,1608,70,,,0,70,,1599,70,,,0,30,,1623,70,,,0,70,,1606,70,,,0,30,,1618,70,,,0,70,,1613,70,,,0,30,,1604,70,,,0,100,,1625,70,,,0,100,,1614,70,,,0,100,,1603,70,,,0,100,,1627,70,,,0,100,,1621,70,,,0,100,,1601,70,,,0
1500,'af66423d-6b82-4070-a66d-7fd5455f4ee0',649,,1639,70,,,0,100,,1641,70,,,0,100,,1637,70,,,0,100,,1636,70,,,0,70,,1634,70,,,0,30,,1645,70,,,0,70,,1647,70,,,0,30,,1629,70,,,0,70,,1651,70,,,0,30,,1642,70,,,0,70,,1654,70,,,0,30,,1653,70,,,0,70,,1649,70,,,0,30,,1632,70,,,0,70,,1643,70,,,0,30,,1633,70,,,0,70,,1650,70,,,0,30,,1644,70,,,0,70,,1648,70,,,0,30,,1635,70,,,0,100,,1638,70,,,0,100,,1631,70,,,0,100,,1630,70,,,0,100,,1646,70,,,0,100,,1652,70,,,0,100,,1640,70,,,0
1500,'ccbf4b4f-97af-4307-91ea-d9053fc08e17',949,,1657,70,,,0,100,,1659,70,,,0,100,,1655,70,,,0,100,,1658,70,,,0,100,,1656,70,,,0,100,,1661,70,,,0,100,,1663,70,,,0,100,,1660,70,,,0,100,,1662,70,,,0,100,,1664,70,,,0
1500,'e8ef8160-ae13-4ecf-849b-1dc14c9e1cc7',949,,1669,70,,,0,100,,1672,70,,,0,100,,1671,70,,,0,100,,1673,70,,,0,100,,1667,70,,,0,100,,1674,70,,,0,103,,1665,70,,,0,97,,1666,70,,,0,103,,1668,70,,,0,100,,1670,70,,,0
2200,'0ca7a4e8-8deb-447f-af95-efcb11d44b49',600,,1846,6,,,0,30,,1829,6,,,0,70,,1819,6,,,0,30,,1824,6,,,0,70,,1842,6,,,0,30,,1830,6,,,0,70,,1822,6,,,0,30,,1843,6,,,0,70,,1839,6,,,0,30,,1820,6,,,0,70,,1826,6,,,0,30,,1835,6,,,0,70,,1818,6,,,0,30,,1836,6,,,0,70,,1833,6,,,0,30,,1817,6,,,0,70,,1821,6,,,0,30,,1823,6,,,0,70,,1840,6,,,0,30,,1834,6,,,0,70,,1828,6,,,0,30,,1837,6,,,0,70,,1827,6,,,0,30,,1838,6,,,0,70,,1841,6,,,0,100,,1844,6,,,0,100,,1825,6,,,0,100,,1831,6,,,0,100,,1832,6,,,0,100,,1845,6,,,0
2200,'2c0118e0-aa39-4d23-8fdf-0ad2ee311f15',900,,1847,6,,,0,100,,1849,6,,,0,100,,1856,6,,,0,100,,1854,6,,,0,100,,1853,6,,,0,100,,1855,6,,,0,100,,1851,6,,,0,100,,1850,6,,,0,100,,1852,6,,,0,100,,1848,6,,,0
2200,'54965835-d4b5-43a4-a454-864d26728dd3',600,,1859,6,,,0,100,,1876,6,,,0,100,,1870,6,,,0,100,,1879,6,,,0,100,,1863,6,,,0,30,,1877,6,,,0,70,,1881,6,,,0,30,,1864,6,,,0,70,,1867,6,,,0,30,,1880,6,,,0,70,,1869,6,,,0,30,,1882,6,,,0,70,,1874,6,,,0,30,,1860,6,,,0,70,,1857,6,,,0,30,,1868,6,,,0,70,,1861,6,,,0,30,,1871,6,,,0,70,,1858,6,,,0,30,,1873,6,,,0,70,,1878,6,,,0,100,,1862,6,,,0,100,,1872,6,,,0,100,,1866,6,,,0,100,,1875,6,,,0,100,,1865,6,,,0
2200,'8d033c22-56c5-460f-aa74-cffac53817d7',600,,1908,6,,,0,30,,1910,6,,,0,70,,1912,6,,,0,30,,1899,6,,,0,70,,1907,6,,,0,30,,1894,6,,,0,70,,1885,6,,,0,30,,1887,6,,,0,70,,1890,6,,,0,30,,1895,6,,,0,70,,1903,6,,,0,30,,1901,6,,,0,70,,1891,6,,,0,30,,1884,6,,,0,70,,1906,6,,,0,30,,1892,6,,,0,70,,1900,6,,,0,30,,1898,6,,,0,70,,1905,6,,,0,30,,1888,6,,,0,70,,1893,6,,,0,30,,1911,6,,,0,70,,1902,6,,,0,30,,1897,6,,,0,70,,1904,6,,,0,100,,1886,6,,,0,100,,1883,6,,,0,100,,1889,6,,,0,100,,1909,6,,,0,100,,1896,6,,,0
2200,'af66423d-6b82-4070-a66d-7fd5455f4ee0',600,,1938,6,,,0,100,,1916,6,,,0,100,,1932,6,,,0,100,,1937,6,,,0,100,,1933,6,,,0,30,,1924,6,,,0,70,,1922,6,,,0,30,,1920,6,,,0,70,,1913,6,,,0,30,,1923,6,,,0,70,,1915,6,,,0,30,,1935,6,,,0,70,,1934,6,,,0,30,,1930,6,,,0,70,,1929,6,,,0,30,,1921,6,,,0,70,,1936,6,,,0,30,,1931,6,,,0,70,,1918,6,,,0,30,,1927,6,,,0,70,,1917,6,,,0,100,,1926,6,,,0,100,,1919,6,,,0,100,,1925,6,,,0,100,,1928,6,,,0,100,,1914,6,,,0
2200,'ccbf4b4f-97af-4307-91ea-d9053fc08e17',900,,1945,6,,,0,100,,1948,6,,,0,100,,1944,6,,,0,100,,1940,6,,,0,100,,1941,6,,,0,100,,1942,6,,,0,100,,1943,6,,,0,100,,1947,6,,,0,100,,1939,6,,,0,100,,1946,6,,,0
2200,'e8ef8160-ae13-4ecf-849b-1dc14c9e1cc7',900,,1957,6,,,0,100,,1954,6,,,0,100,,1951,6,,,0,100,,1956,6,,,0,100,,1952,6,,,0,100,,1958,6,,,0,100,,1950,6,,,0,100,,1949,6,,,0,100,,1955,6,,,0,100,,1953,6,,,0
