1500,'0ca7a4e8-8deb-447f-af95-efcb11d44b49',616,,1537,64,,,0,30,,1559,64,,,0,70,,1562,64,,,0,30,,1550,64,,,0,70,,1533,64,,,0,30,,1551,64,,,0,70,,1548,64,,,0,30,,1554,64,,,0,70,,1560,64,,,0,30,,1541,64,,,0,70,,1542,64,,,0,30,,1544,64,,,0,70,,1557,64,,,0,30,,1552,64,,,0,70,,1549,64,,,0,30,,1539,64,,,0,70,,1535,64,,,0,30,,1547,64,,,0,70,,1555,64,,,0,30,,1556,64,,,0,70,,1536,64,,,0,30,,1561,64,,,0,70,,1538,64,,,0,30,,1540,64,,,0,100,,1546,64,,,0,100,,1553,64,,,0,100,,1543,64,,,0,100,,1534,64,,,0,100,,1558,64,,,0,100,,1545,64,,,0
1500,'2c0118e0-aa39-4d23-8fdf-0ad2ee311f15',946,,1569,64,,,0,100,,1568,64,,,0,100,,1563,64,,,0,100,,1567,64,,,0,100,,1572,64,,,0,100,,1565,64,,,0,100,,1571,64,,,0,100,,1566,64,,,0,100,,1564,64,,,0,100,,1570,64,,,0
1500,'54965835-d4b5-43a4-a454-864d26728dd3',646,,1577,64,,,0,100,,1596,64,,,0,100,,1591,64,,,0,100,,1579,64,,,0,70,,1578,64,,,0,30,,1595,64,,,0,70,,1590,64,,,0,30,,1575,64,,,0,70,,1588,64,,,0,30,,1584,64,,,0,70,,1573,64,,,0,30,,1592,64,,,0,70,,1594,64,,,0,30,,1582,64,,,0,70,,1587,64,,,0,30,,1583,64,,,0,70,,1581,64,,,0,30,,1580,64,,,0,70,,1589,64,,,0,30,,1593,64,,,0,100,,1574,64,,,0,100,,1586,64,,,0,100,,1585,64,,,0,100,,1597,64,,,0,100,,1598,64,,,0,100,,1576,64,,,0
1500,'8d033c22-56c5-460f-aa74-cffac53817d7',616,,1617,64,,,0,30,,1615,64,,,0,70,,1611,64,,,0,30,,1602,64,,,0,70,,1612,64,,,0,30,,1609,64,,,0,70,,1626,64,,,0,30,,1605,64,,,0,70,,1628,64,,,0,30,,1622,64,,,0,70,,1619,64,,,0,30,,1624,64,,,0,70,,1610,64,,,0,30,,1616,64,,,0,70,,1620,64,,,0,30,,1607,64,,,0,70,,1600,64,,,0,30,,1608,64,,,0,70,,1599,64,,,0,30,,1623,64,,,0,70,,1606,64,,,0,30,,1618,64,,,0,70,,1613,64,,,0,30,,1604,64,,,0,100,,1625,64,,,0,100,,1614,64,,,0,100,,1603,64,,,0,100,,1627,64,,,0,100,,1621,64,,,0,100,,1601,64,,,0
1500,'af66423d-6b82-4070-a66d-7fd5455f4ee0',646,,1639,64,,,0,100,,1641,64,,,0,100,,1637,64,,,0,100,,1636,64,,,0,70,,1634,64,,,0,30,,1645,64,,,0,70,,1647,64,,,0,30,,1629,64,,,0,70,,1651,64,,,0,30,,1642,64,,,0,70,,1654,64,,,0,30,,1653,64,,,0,70,,1649,64,,,0,30,,1632,64,,,0,70,,1643,64,,,0,30,,1633,64,,,0,70,,1650,64,,,0,30,,1644,64,,,0,70,,1648,64,,,0,30,,1635,64,,,0,100,,1638,64,,,0,100,,1631,64,,,0,100,,1630,64,,,0,100,,1646,64,,,0,100,,1652,64,,,0,100,,1640,64,,,0
1500,'ccbf4b4f-97af-4307-91ea-d9053fc08e17',946,,1657,64,,,0,100,,1659,64,,,0,100,,1655,64,,,0,100,,1658,64,,,0,100,,1656,64,,,0,100,,1661,64,,,0,100,,1663,64,,,0,100,,1660,64,,,0,100,,1662,64,,,0,100,,1664,64,,,0
1500,'e8ef8160-ae13-4ecf-849b-1dc14c9e1cc7',946,,1669,64,,,0,100,,1672,64,,,0,100,,1671,64,,,0,100,,1673,64,,,0,100,,1667,64,,,0,100,,1674,64,,,0,101,,1665,64,,,0,99,,1666,64,,,0,101,,1668,64,,,0,100,,1670,64,,,0
2300,'0ca7a4e8-8deb-447f-af95-efcb11d44b49',620,,1985,95,,,0,30,,1977,95,,,0,70,,1972,95,,,0,30,,1981,95,,,0,70,,1962,95,,,0,30,,1971,95,,,0,70,,1963,95,,,0,30,,1976,95,,,0,70,,1984,95,,,0,30,,1970,95,,,0,70,,1974,95,,,0,30,,1959,95,,,0,70,,1987,95,,,0,30,,1978,95,,,0,70,,1967,95,,,0,30,,1988,95,,,0,70,,1966,95,,,0,30,,1965,95,,,0,70,,1986,95,,,0,30,,1969,95,,,0,70,,1964,95,,,0,30,,1979,95,,,0,70,,1982,95,,,0,30,,1980,95,,,0,70,,1975,95,,,0,100,,1960,95,,,0,100,,1968,95,,,0,100,,1983,95,,,0,100,,1961,95,,,0,100,,1973,95,,,0
2300,'2c0118e0-aa39-4d23-8fdf-0ad2ee311f15',920,,1991,95,,,0,100,,1997,95,,,0,100,,1993,95,,,0,100,,1998,95,,,0,100,,1994,95,,,0,100,,1992,95,,,0,100,,1989,95,,,0,100,,1996,95,,,0,100,,1990,95,,,0,100,,1995,95,,,0
2300,'54965835-d4b5-43a4-a454-864d26728dd3',620,,2010,95,,,0,100,,2001,95,,,0,100,,2002,95,,,0,100,,2008,95,,,0,100,,2022,95,,,0,30,,2014,95,,,0,70,,2023,95,,,0,30,,2024,95,,,0,70,,2007,95,,,0,30,,2018,95,,,0,70,,2017,95,,,0,30,,2019,95,,,0,70,,2016,95,,,0,30,,2021,95,,,0,70,,1999,95,,,0,30,,2006,95,,,0,70,,2003,95,,,0,30,,2005,95,,,0,70,,2020,95,,,0,30,,2011,95,,,0,70,,2000,95,,,0,100,,2013,95,,,0,100,,2004,95,,,0,100,,2015,95,,,0,100,,2012,95,,,0,100,,2009,95,,,0
2300,'8d033c22-56c5-460f-aa74-cffac53817d7',620,,2049,95,,,0,30,,2030,95,,,0,70,,2038,95,,,0,30,,2031,95,,,0,70,,2044,95,,,0,30,,2043,95,,,0,70,,2053,95,,,0,30,,2035,95,,,0,70,,2047,95,,,0,30,,2036,95,,,0,70,,2028,95,,,0,30,,2040,95,,,0,70,,2026,95,,,0,30,,2041,95,,,0,70,,2045,95,,,0,30,,2034,95,,,0,70,,2039,95,,,0,30,,2052,95,,,0,70,,2054,95,,,0,30,,2046,95,,,0,70,,2032,95,,,0,30,,2033,95,,,0,70,,2048,95,,,0,30,,2025,95,,,0,70,,2029,95,,,0,100,,2042,95,,,0,100,,2027,95,,,0,100,,2051,95,,,0,100,,2050,95,,,0,100,,2037,95,,,0
2300,'af66423d-6b82-4070-a66d-7fd5455f4ee0',620,,2073,95,,,0,100,,2070,95,,,0,100,,2055,95,,,0,100,,2061,95,,,0,100,,2065,95,,,0,30,,2068,95,,,0,70,,2077,95,,,0,30,,2059,95,,,0,70,,2067,95,,,0,30,,2064,95,,,0,70,,2062,95,,,0,30,,2060,95,,,0,70,,2078,95,,,0,30,,2074,95,,,0,70,,2056,95,,,0,30,,2058,95,,,0,70,,2063,95,,,0,30,,2080,95,,,0,70,,2079,95,,,0,30,,2069,95,,,0,70,,2075,95,,,0,100,,2057,95,,,0,100,,2076,95,,,0,100,,2066,95,,,0,100,,2072,95,,,0,100,,2071,95,,,0
2300,'ccbf4b4f-97af-4307-91ea-d9053fc08e17',920,,2082,95,,,0,100,,2087,95,,,0,100,,2088,95,,,0,100,,2081,95,,,0,100,,2083,95,,,0,100,,2090,95,,,0,100,,2089,95,,,0,100,,2084,95,,,0,100,,2085,95,,,0,100,,2086,95,,,0
2300,'e8ef8160-ae13-4ecf-849b-1dc14c9e1cc7',920,,2099,95,,,0,100,,2100,95,,,0,100,,2091,95,,,0,100,,2098,95,,,0,100,,2094,95,,,0,100,,2092,95,,,0,100,,2096,95,,,0,100,,2093,95,,,0,100,,2095,95,,,0,100,,2097,95,,,0
