2300,'0462342a-9353-4cbb-9104-3a5097e2906c',612,,916,50,,,0,100,,900,50,,,0,100,,918,50,,,0,100,,904,50,,,0,100,,917,50,,,0,30,,914,50,,,0,70,,910,50,,,0,30,,921,50,,,0,70,,924,50,,,0,30,,915,50,,,0,70,,909,50,,,0,30,,908,50,,,0,70,,903,50,,,0,30,,912,50,,,0,70,,906,50,,,0,30,,902,50,,,0,70,,911,50,,,0,30,,923,50,,,0,70,,922,50,,,0,30,,920,50,,,0,70,,901,50,,,0,100,,905,50,,,0,100,,899,50,,,0,100,,913,50,,,0,100,,919,50,,,0,100,,907,50,,,0
2300,'0fc92f77-a9db-4601-9469-0ad6e54f3e35',612,,928,50,,,0,30,,927,50,,,0,70,,935,50,,,0,30,,946,50,,,0,70,,926,50,,,0,30,,933,50,,,0,70,,934,50,,,0,30,,951,50,,,0,70,,950,50,,,0,30,,939,50,,,0,70,,944,50,,,0,30,,940,50,,,0,70,,930,50,,,0,30,,949,50,,,0,70,,942,50,,,0,30,,938,50,,,0,70,,953,50,,,0,30,,932,50,,,0,70,,948,50,,,0,30,,945,50,,,0,70,,936,50,,,0,30,,937,50,,,0,70,,947,50,,,0,30,,943,50,,,0,70,,931,50,,,0,100,,952,50,,,0,100,,941,50,,,0,100,,954,50,,,0,100,,929,50,,,0,100,,925,50,,,0
2300,'34fccac3-20c6-4987-8415-da996ea3c060',612,,963,50,,,0,30,,976,50,,,0,70,,984,50,,,0,30,,983,50,,,0,70,,970,50,,,0,30,,978,50,,,0,70,,981,50,,,0,30,,959,50,,,0,70,,956,50,,,0,30,,957,50,,,0,70,,982,50,,,0,30,,958,50,,,0,70,,980,50,,,0,30,,962,50,,,0,70,,975,50,,,0,30,,961,50,,,0,70,,971,50,,,0,30,,972,50,,,0,70,,977,50,,,0,30,,967,50,,,0,70,,968,50,,,0,30,,965,50,,,0,70,,973,50,,,0,30,,955,50,,,0,70,,960,50,,,0,100,,979,50,,,0,100,,966,50,,,0,100,,974,50,,,0,100,,969,50,,,0,100,,964,50,,,0
2300,'3b66bbc4-5a16-4173-841c-859a7a71bbe4',912,,986,50,,,0,100,,985,50,,,0,100,,991,50,,,0,100,,992,50,,,0,100,,988,50,,,0,100,,989,50,,,0,100,,990,50,,,0,100,,987,50,,,0,100,,993,50,,,0,100,,994,50,,,0
2300,'ac10e216-39b9-48ed-bbcc-647ae9ece7ef',612,,1015,50,,,0,100,,1009,50,,,0,100,,1002,50,,,0,100,,1000,50,,,0,100,,1011,50,,,0,30,,1020,50,,,0,70,,1018,50,,,0,30,,1010,50,,,0,70,,1019,50,,,0,30,,1016,50,,,0,70,,1004,50,,,0,30,,1005,50,,,0,70,,1001,50,,,0,30,,998,50,,,0,70,,997,50,,,0,30,,1008,50,,,0,70,,1014,50,,,0,30,,995,50,,,0,70,,1007,50,,,0,30,,996,50,,,0,70,,1006,50,,,0,100,,1012,50,,,0,100,,1003,50,,,0,100,,1013,50,,,0,100,,1017,50,,,0,100,,999,50,,,0
2300,'f1732c01-0adc-4784-a0f8-928364ee839f',912,,1021,50,,,0,100,,1022,50,,,0,100,,1028,50,,,0,100,,1027,50,,,0,100,,1023,50,,,0,100,,1024,50,,,0,100,,1025,50,,,0,100,,1029,50,,,0,100,,1030,50,,,0,100,,1026,50,,,0
2300,'fe92844f-135c-45c8-be8c-06da32b92991',912,,1040,50,,,0,100,,1034,50,,,0,100,,1033,50,,,0,100,,1032,50,,,0,100,,1031,50,,,0,100,,1038,50,,,0,100,,1039,50,,,0,100,,1037,50,,,0,100,,1035,50,,,0,100,,1036,50,,,0
100100,'0fc92f77-a9db-4601-9469-0ad6e54f3e35',600,,1041,91,,,0
100100,'34fccac3-20c6-4987-8415-da996ea3c060',600,,1042,91,,,0
100300,'0fc92f77-a9db-4601-9469-0ad6e54f3e35',1405,,1045,10,,,0,30,,1047,10,,,0,70,,1043,10,,,0,30,,1044,10,,,0,70,,1046,10,,,0
100300,'34fccac3-20c6-4987-8415-da996ea3c060',1405,,1050,10,,,0,30,,1052,10,,,0,70,,1048,10,,,0,30,,1051,10,,,0,70,,1049,10,,,0
100400,'0fc92f77-a9db-4601-9469-0ad6e54f3e35',634,,1053,28,,,0
100400,'34fccac3-20c6-4987-8415-da996ea3c060',634,,1054,28,,,0
100900,'0fc92f77-a9db-4601-9469-0ad6e54f3e35',2600,,1059,4,4,,0
100900,'34fccac3-20c6-4987-8415-da996ea3c060',2600,,1060,4,4,,0
