2300,'0ca7a4e8-8deb-447f-af95-efcb11d44b49',611,,1985,48,,,0,30,,1977,48,,,0,70,,1972,48,,,0,30,,1981,48,,,0,70,,1962,48,,,0,30,,1971,48,,,0,70,,1963,48,,,0,30,,1976,48,,,0,70,,1984,48,,,0,30,,1970,48,,,0,70,,1974,48,,,0,30,,1959,48,,,0,70,,1987,48,,,0,30,,1978,48,,,0,70,,1967,48,,,0,30,,1988,48,,,0,70,,1966,48,,,0,30,,1965,48,,,0,70,,1986,48,,,0,30,,1969,48,,,0,70,,1964,48,,,0,30,,1979,48,,,0,70,,1982,48,,,0,30,,1980,48,,,0,70,,1975,48,,,0,100,,1960,48,,,0,100,,1968,48,,,0,100,,1983,48,,,0,100,,1961,48,,,0,100,,1973,48,,,0
2300,'2c0118e0-aa39-4d23-8fdf-0ad2ee311f15',911,,1991,48,,,0,100,,1997,48,,,0,100,,1993,48,,,0,100,,1998,48,,,0,100,,1994,48,,,0,100,,1992,48,,,0,100,,1989,48,,,0,100,,1996,48,,,0,100,,1990,48,,,0,100,,1995,48,,,0
2300,'54965835-d4b5-43a4-a454-864d26728dd3',611,,2010,48,,,0,100,,2001,48,,,0,100,,2002,48,,,0,100,,2008,48,,,0,100,,2022,48,,,0,30,,2014,48,,,0,70,,2023,48,,,0,30,,2024,48,,,0,70,,2007,48,,,0,30,,2018,48,,,0,70,,2017,48,,,0,30,,2019,48,,,0,70,,2016,48,,,0,30,,2021,48,,,0,70,,1999,48,,,0,30,,2006,48,,,0,70,,2003,48,,,0,30,,2005,48,,,0,70,,2020,48,,,0,30,,2011,48,,,0,70,,2000,48,,,0,100,,2013,48,,,0,100,,2004,48,,,0,100,,2015,48,,,0,100,,2012,48,,,0,100,,2009,48,,,0
2300,'8d033c22-56c5-460f-aa74-cffac53817d7',611,,2049,48,,,0,30,,2030,48,,,0,70,,2038,48,,,0,30,,2031,48,,,0,70,,2044,48,,,0,30,,2043,48,,,0,70,,2053,48,,,0,30,,2035,48,,,0,70,,2047,48,,,0,30,,2036,48,,,0,70,,2028,48,,,0,30,,2040,48,,,0,70,,2026,48,,,0,30,,2041,48,,,0,70,,2045,48,,,0,30,,2034,48,,,0,70,,2039,48,,,0,30,,2052,48,,,0,70,,2054,48,,,0,30,,2046,48,,,0,70,,2032,48,,,0,30,,2033,48,,,0,70,,2048,48,,,0,30,,2025,48,,,0,70,,2029,48,,,0,100,,2042,48,,,0,100,,2027,48,,,0,100,,2051,48,,,0,100,,2050,48,,,0,100,,2037,48,,,0
2300,'af66423d-6b82-4070-a66d-7fd5455f4ee0',611,,2073,48,,,0,100,,2070,48,,,0,100,,2055,48,,,0,100,,2061,48,,,0,100,,2065,48,,,0,30,,2068,48,,,0,70,,2077,48,,,0,30,,2059,48,,,0,70,,2067,48,,,0,30,,2064,48,,,0,70,,2062,48,,,0,30,,2060,48,,,0,70,,2078,48,,,0,30,,2074,48,,,0,70,,2056,48,,,0,30,,2058,48,,,0,70,,2063,48,,,0,30,,2080,48,,,0,70,,2079,48,,,0,30,,2069,48,,,0,70,,2075,48,,,0,100,,2057,48,,,0,100,,2076,48,,,0,100,,2066,48,,,0,100,,2072,48,,,0,100,,2071,48,,,0
2300,'ccbf4b4f-97af-4307-91ea-d9053fc08e17',911,,2082,48,,,0,100,,2087,48,,,0,100,,2088,48,,,0,100,,2081,48,,,0,100,,2083,48,,,0,100,,2090,48,,,0,100,,2089,48,,,0,100,,2084,48,,,0,100,,2085,48,,,0,100,,2086,48,,,0
2300,'e8ef8160-ae13-4ecf-849b-1dc14c9e1cc7',911,,2099,48,,,0,100,,2100,48,,,0,100,,2091,48,,,0,100,,2098,48,,,0,100,,2094,48,,,0,100,,2092,48,,,0,100,,2096,48,,,0,100,,2093,48,,,0,100,,2095,48,,,0,100,,2097,48,,,0
100100,'0ca7a4e8-8deb-447f-af95-efcb11d44b49',559,,2101,89,,,0
100100,'8d033c22-56c5-460f-aa74-cffac53817d7',559,,2102,89,,,0
100400,'0ca7a4e8-8deb-447f-af95-efcb11d44b49',633,,2113,27,,,0
100400,'8d033c22-56c5-460f-aa74-cffac53817d7',633,,2114,27,,,0
