800,'0462342a-9353-4cbb-9104-3a5097e2906c',603,,245,13,,,0,100,,251,13,,,0,100,,239,13,,,0,100,,242,13,,,0,100,,241,13,,,0,100,,247,13,,,0,100,,240,13,,,0,100,,238,13,,,0,100,,237,13,,,0,100,,250,13,,,0,100,,254,13,,,0,100,,243,13,,,0,100,,244,13,,,0,100,,253,13,,,0,100,,249,13,,,0,100,,246,13,,,0,100,,252,13,,,0,100,,248,13,,,0
800,'0fc92f77-a9db-4601-9469-0ad6e54f3e35',603,,256,13,,,0,100,,268,13,,,0,100,,255,13,,,0,100,,269,13,,,0,100,,261,13,,,0,30,,275,13,,,0,70,,277,13,,,0,30,,271,13,,,0,70,,273,13,,,0,30,,278,13,,,0,70,,262,13,,,0,30,,264,13,,,0,70,,263,13,,,0,30,,274,13,,,0,70,,270,13,,,0,30,,267,13,,,0,70,,258,13,,,0,30,,272,13,,,0,70,,279,13,,,0,30,,259,13,,,0,70,,260,13,,,0,100,,266,13,,,0,100,,276,13,,,0,100,,265,13,,,0,100,,257,13,,,0,100,,280,13,,,0
800,'34fccac3-20c6-4987-8415-da996ea3c060',603,,303,13,,,0,100,,297,13,,,0,100,,290,13,,,0,100,,285,13,,,0,100,,306,13,,,0,30,,296,13,,,0,70,,286,13,,,0,30,,287,13,,,0,70,,284,13,,,0,30,,299,13,,,0,70,,305,13,,,0,30,,283,13,,,0,70,,304,13,,,0,30,,288,13,,,0,70,,281,13,,,0,30,,292,13,,,0,70,,282,13,,,0,30,,300,13,,,0,70,,301,13,,,0,30,,294,13,,,0,70,,291,13,,,0,100,,295,13,,,0,100,,293,13,,,0,100,,302,13,,,0,100,,289,13,,,0,100,,298,13,,,0
800,'3b66bbc4-5a16-4173-841c-859a7a71bbe4',903,,307,13,,,0,100,,308,13,,,0,100,,312,13,,,0,100,,315,13,,,0,100,,311,13,,,0,100,,316,13,,,0,100,,309,13,,,0,100,,310,13,,,0,100,,313,13,,,0,100,,314,13,,,0
800,'ac10e216-39b9-48ed-bbcc-647ae9ece7ef',603,,319,13,,,0,100,,326,13,,,0,100,,321,13,,,0,100,,334,13,,,0,100,,324,13,,,0,100,,330,13,,,0,100,,327,13,,,0,100,,318,13,,,0,100,,317,13,,,0,100,,333,13,,,0,100,,328,13,,,0,100,,329,13,,,0,100,,331,13,,,0,100,,322,13,,,0,100,,320,13,,,0,100,,325,13,,,0,100,,332,13,,,0,100,,323,13,,,0
800,'f1732c01-0adc-4784-a0f8-928364ee839f',903,,337,13,,,0,100,,338,13,,,0,100,,341,13,,,0,100,,344,13,,,0,100,,340,13,,,0,100,,343,13,,,0,100,,336,13,,,0,100,,335,13,,,0,100,,339,13,,,0,100,,342,13,,,0
800,'fe92844f-135c-45c8-be8c-06da32b92991',903,,348,13,,,0,100,,352,13,,,0,100,,350,13,,,0,100,,345,13,,,0,100,,349,13,,,0,100,,347,13,,,0,100,,346,13,,,0,100,,351,13,,,0,100,,354,13,,,0,100,,353,13,,,0
2200,'0462342a-9353-4cbb-9104-3a5097e2906c',603,,759,22,,,0,100,,771,22,,,0,100,,760,22,,,0,100,,763,22,,,0,100,,770,22,,,0,30,,762,22,,,0,70,,768,22,,,0,30,,778,22,,,0,70,,764,22,,,0,30,,781,22,,,0,70,,777,22,,,0,30,,773,22,,,0,70,,769,22,,,0,30,,761,22,,,0,70,,775,22,,,0,30,,767,22,,,0,70,,776,22,,,0,30,,780,22,,,0,70,,774,22,,,0,30,,766,22,,,0,70,,782,22,,,0,100,,779,22,,,0,100,,758,22,,,0,100,,765,22,,,0,100,,772,22,,,0,100,,757,22,,,0
2200,'0fc92f77-a9db-4601-9469-0ad6e54f3e35',603,,786,22,,,0,30,,795,22,,,0,70,,808,22,,,0,30,,807,22,,,0,70,,793,22,,,0,30,,794,22,,,0,70,,810,22,,,0,30,,791,22,,,0,70,,788,22,,,0,30,,805,22,,,0,70,,802,22,,,0,30,,792,22,,,0,70,,789,22,,,0,30,,812,22,,,0,70,,799,22,,,0,30,,798,22,,,0,70,,811,22,,,0,30,,806,22,,,0,70,,803,22,,,0,30,,783,22,,,0,70,,796,22,,,0,30,,790,22,,,0,70,,785,22,,,0,30,,804,22,,,0,70,,809,22,,,0,100,,800,22,,,0,100,,801,22,,,0,100,,797,22,,,0,100,,784,22,,,0,100,,787,22,,,0
2200,'34fccac3-20c6-4987-8415-da996ea3c060',603,,828,22,,,0,30,,831,22,,,0,70,,819,22,,,0,30,,829,22,,,0,70,,830,22,,,0,30,,834,22,,,0,70,,837,22,,,0,30,,840,22,,,0,70,,833,22,,,0,30,,816,22,,,0,70,,823,22,,,0,30,,841,22,,,0,70,,836,22,,,0,30,,820,22,,,0,70,,824,22,,,0,30,,839,22,,,0,70,,814,22,,,0,30,,842,22,,,0,70,,827,22,,,0,30,,817,22,,,0,70,,822,22,,,0,30,,818,22,,,0,70,,821,22,,,0,30,,838,22,,,0,70,,826,22,,,0,100,,813,22,,,0,100,,825,22,,,0,100,,835,22,,,0,100,,815,22,,,0,100,,832,22,,,0
2200,'3b66bbc4-5a16-4173-841c-859a7a71bbe4',903,,848,22,,,0,100,,849,22,,,0,100,,843,22,,,0,100,,845,22,,,0,100,,850,22,,,0,100,,852,22,,,0,100,,846,22,,,0,100,,847,22,,,0,100,,844,22,,,0,100,,851,22,,,0
2200,'ac10e216-39b9-48ed-bbcc-647ae9ece7ef',603,,871,22,,,0,100,,877,22,,,0,100,,878,22,,,0,100,,855,22,,,0,100,,865,22,,,0,30,,866,22,,,0,70,,867,22,,,0,30,,874,22,,,0,70,,858,22,,,0,30,,859,22,,,0,70,,864,22,,,0,30,,869,22,,,0,70,,856,22,,,0,30,,875,22,,,0,70,,868,22,,,0,30,,876,22,,,0,70,,857,22,,,0,30,,854,22,,,0,70,,861,22,,,0,30,,853,22,,,0,70,,873,22,,,0,100,,872,22,,,0,100,,862,22,,,0,100,,863,22,,,0,100,,860,22,,,0,100,,870,22,,,0
2200,'f1732c01-0adc-4784-a0f8-928364ee839f',903,,884,22,,,0,100,,882,22,,,0,100,,881,22,,,0,100,,880,22,,,0,100,,879,22,,,0,100,,886,22,,,0,100,,888,22,,,0,100,,885,22,,,0,100,,887,22,,,0,100,,883,22,,,0
2200,'fe92844f-135c-45c8-be8c-06da32b92991',903,,895,22,,,0,100,,890,22,,,0,100,,897,22,,,0,100,,891,22,,,0,100,,889,22,,,0,100,,896,22,,,0,100,,898,22,,,0,100,,893,22,,,0,100,,894,22,,,0,100,,892,22,,,0
