400,'0ca7a4e8-8deb-447f-af95-efcb11d44b49',630,,1063,0,,,0,70,46,1063,153,4,,0,30,,1061,0,,,0,70,46,1061,153,4,,0,30,,1062,0,,,0,70,46,1062,153,4,,0,30,,1064,0,,,0,70,46,1064,153,4,,0
400,'8d033c22-56c5-460f-aa74-cffac53817d7',630,,1065,0,,,0,70,46,1065,153,4,,0,30,,1067,0,,,0,70,46,1067,153,4,,0,30,,1068,0,,,0,70,46,1068,153,4,,0,30,,1066,0,,,0,70,46,1066,153,4,,0
401,'0ca7a4e8-8deb-447f-af95-efcb11d44b49',1000,,1089,0,,,0,30,6,1089,123,4,,0,70,46,1070,123,4,,0,30,,1069,0,,,0,70,46,1069,123,4,,0,30,,1080,0,,,0,70,46,1080,123,4,,0,30,6,1076,123,4,,0,70,,1075,0,,,0,30,,1079,0,,,0,70,46,1079,123,4,,0,30,,1083,0,,,0,70,,1077,0,,,0,30,6,1077,123,4,,0,70,,1088,0,,,0,30,,1078,0,,,0,70,46,1078,123,4,,0,30,,1074,0,,,0,70,46,1074,123,4,,0,30,,1085,0,,,0,70,46,1085,123,4,,0,30,,1090,0,,,0,70,46,1090,123,4,,0,30,,1086,0,,,0,70,46,1086,123,4,,0,30,,1072,0,,,0,70,46,1072,123,4,,0,30,,1073,0,,,0,70,46,1073,123,4,,0
401,'2c0118e0-aa39-4d23-8fdf-0ad2ee311f15',930,,1091,0,,,0,70,46,1091,123,4,,0,30,,1098,0,,,0,70,46,1098,123,4,,0,30,,1099,0,,,0,70,46,1099,123,4,,0,30,,1093,0,,,0,70,46,1093,123,4,,0,30,,1094,0,,,0,70,46,1094,123,4,,0,30,,1097,0,,,0,70,46,1097,123,4,,0,30,,1095,0,,,0,70,46,1095,123,4,,0,30,,1096,0,,,0,70,46,1096,123,4,,0,30,,1100,0,,,0,70,46,1100,123,4,,0,30,,1092,0,,,0,70,46,1092,123,4,,0
401,'54965835-d4b5-43a4-a454-864d26728dd3',630,,1106,0,,,0,70,46,1106,123,4,,0,30,,1113,0,,,0,70,46,1113,123,4,,0,30,,1104,0,,,0,70,46,1104,123,4,,0,30,,1103,0,,,0,70,46,1103,123,4,,0,30,,1116,0,,,0,70,46,1116,123,4,,0,30,,1110,0,,,0,70,46,1110,123,4,,0,30,,1105,0,,,0,70,46,1105,123,4,,0,30,,1108,0,,,0,70,46,1108,123,4,,0,30,,1107,0,,,0,70,46,1107,123,4,,0,30,,1112,0,,,0,70,46,1112,123,4,,0,30,,1118,0,,,0,70,46,1118,123,4,,0,30,,1111,0,,,0,70,46,1111,123,4,,0,30,,1102,0,,,0,70,46,1102,123,4,,0,30,,1109,0,,,0,70,46,1109,123,4,,0,30,,1101,0,,,0,70,46,1101,123,4,,0,30,,1117,0,,,0,70,46,1117,123,4,,0,30,,1114,0,,,0,70,46,1114,123,4,,0,30,,1115,0,,,0,70,46,1115,123,4,,0
401,'8d033c22-56c5-460f-aa74-cffac53817d7',1000,,1136,0,,,0,30,6,1136,123,4,,0,70,,1134,0,,,0,30,6,1134,123,4,,0,70,,1124,0,,,0,30,6,1124,123,4,,0,70,46,1129,123,4,,0,30,6,1138,123,4,,0,70,,1120,0,,,0,30,,1128,0,,,0,70,46,1128,123,4,,0,30,,1127,0,,,0,70,,1130,0,,,0,30,,1123,0,,,0,70,46,1123,123,4,,0,30,,1137,0,,,0,70,46,1137,123,4,,0,30,,1139,0,,,0,70,46,1139,123,4,,0,30,,1126,0,,,0,70,46,1126,123,4,,0,30,,1133,0,,,0,70,46,1133,123,4,,0,30,,1119,0,,,0,70,46,1119,123,4,,0,30,,1122,0,,,0,70,46,1122,123,4,,0,30,,1131,0,,,0,70,46,1131,123,4,,0
401,'af66423d-6b82-4070-a66d-7fd5455f4ee0',630,,1141,0,,,0,70,46,1141,123,4,,0,30,,1147,0,,,0,70,46,1147,123,4,,0,30,,1157,0,,,0,70,46,1157,123,4,,0,30,,1158,0,,,0,70,46,1158,123,4,,0,30,,1156,0,,,0,70,46,1156,123,4,,0,30,,1150,0,,,0,70,46,1150,123,4,,0,30,,1153,0,,,0,70,46,1153,123,4,,0,30,,1142,0,,,0,70,46,1142,123,4,,0,30,,1151,0,,,0,70,46,1151,123,4,,0,30,,1154,0,,,0,70,46,1154,123,4,,0,30,,1148,0,,,0,70,46,1148,123,4,,0,30,,1149,0,,,0,70,46,1149,123,4,,0,30,,1145,0,,,0,70,46,1145,123,4,,0,30,,1143,0,,,0,70,46,1143,123,4,,0,30,,1144,0,,,0,70,46,1144,123,4,,0,30,,1152,0,,,0,70,46,1152,123,4,,0,30,,1146,0,,,0,70,46,1146,123,4,,0,30,,1155,0,,,0,70,46,1155,123,4,,0
401,'ccbf4b4f-97af-4307-91ea-d9053fc08e17',930,,1164,0,,,0,70,46,1164,123,4,,0,30,,1162,0,,,0,70,46,1162,123,4,,0,30,,1159,0,,,0,70,46,1159,123,4,,0,30,,1166,0,,,0,70,46,1166,123,4,,0,30,,1167,0,,,0,70,46,1167,123,4,,0,30,,1163,0,,,0,70,46,1163,123,4,,0,30,,1160,0,,,0,70,46,1160,123,4,,0,30,,1161,0,,,0,70,46,1161,123,4,,0,30,,1168,0,,,0,70,46,1168,123,4,,0,30,,1165,0,,,0,70,46,1165,123,4,,0
401,'e8ef8160-ae13-4ecf-849b-1dc14c9e1cc7',930,,1178,0,,,0,70,46,1178,123,4,,0,30,,1170,0,,,0,70,46,1170,123,4,,0,30,,1177,0,,,0,70,46,1177,123,4,,0,30,,1176,0,,,0,70,46,1176,123,4,,0,30,,1174,0,,,0,70,46,1174,123,4,,0,30,,1171,0,,,0,70,46,1171,123,4,,0,30,,1169,0,,,0,70,46,1169,123,4,,0,30,,1173,0,,,0,70,46,1173,123,4,,0,30,,1172,0,,,0,70,46,1172,123,4,,0,30,,1175,0,,,0,70,46,1175,123,4,,0
500,'0ca7a4e8-8deb-447f-af95-efcb11d44b49',600,,1184,0,,,0,30,6,1184,129,4,,0,70,,1187,0,,,0,30,6,1187,129,4,,0,70,,1194,0,,,0,30,6,1194,129,4,,0,70,,1190,0,,,0,30,6,1190,129,4,,0,70,,1195,0,,,0,30,6,1195,129,4,,0,70,,1192,0,,,0,30,6,1192,129,4,,0,70,,1193,0,,,0,30,6,1193,129,4,,0,70,,1182,0,,,0,30,6,1182,129,4,,0,70,,1185,0,,,0,30,6,1185,129,4,,0,70,,1179,0,,,0,30,6,1179,129,4,,0,70,,1180,0,,,0,30,6,1180,129,4,,0,70,,1191,0,,,0,30,6,1191,129,4,,0,70,,1196,0,,,0,30,6,1196,129,4,,0,70,,1181,0,,,0,30,6,1181,129,4,,0,70,,1186,0,,,0,30,6,1186,129,4,,0,70,,1188,0,,,0,30,6,1188,129,4,,0,70,,1183,0,,,0,30,6,1183,129,4,,0,70,,1189,0,,,0,30,6,1189,129,4,,0
500,'2c0118e0-aa39-4d23-8fdf-0ad2ee311f15',900,,1205,0,,,0,30,6,1205,129,4,,0,70,,1200,0,,,0,30,6,1200,129,4,,0,70,,1198,0,,,0,30,6,1198,129,4,,0,70,,1206,0,,,0,30,6,1206,129,4,,0,70,,1202,0,,,0,30,6,1202,129,4,,0,70,,1199,0,,,0,30,6,1199,129,4,,0,70,,1203,0,,,0,30,6,1203,129,4,,0,70,,1197,0,,,0,30,6,1197,129,4,,0,70,,1201,0,,,0,30,6,1201,129,4,,0,70,,1204,0,,,0,30,6,1204,129,4,,0
500,'54965835-d4b5-43a4-a454-864d26728dd3',600,,1221,0,,,0,30,6,1221,129,4,,0,70,,1230,0,,,0,30,6,1230,129,4,,0,70,,1213,0,,,0,30,6,1213,129,4,,0,70,,1214,0,,,0,30,6,1214,129,4,,0,70,,1218,0,,,0,30,6,1218,129,4,,0,70,,1216,0,,,0,30,,1224,0,,,0,70,46,1224,129,4,,0,30,,1232,0,,,0,70,,1210,0,,,0,30,6,1210,129,4,,0,70,,1219,0,,,0,30,6,1219,129,4,,0,70,,1225,0,,,0,30,6,1225,129,4,,0,70,,1231,0,,,0,30,6,1231,129,4,,0,70,,1215,0,,,0,30,,1220,0,,,0,70,46,1220,129,4,,0,30,6,1209,129,4,,0,70,,1222,0,,,0,30,6,1222,129,4,,0,70,,1208,0,,,0,30,6,1208,129,4,,0,70,,1211,0,,,0,30,6,1211,129,4,,0,70,,1207,0,,,0,30,6,1207,129,4,,0,70,,1217,0,,,0,30,6,1217,129,4,,0
500,'8d033c22-56c5-460f-aa74-cffac53817d7',600,,1247,0,,,0,30,6,1247,129,4,,0,70,,1234,0,,,0,30,6,1234,129,4,,0,70,,1242,0,,,0,30,6,1242,129,4,,0,70,,1241,0,,,0,30,6,1241,129,4,,0,70,,1244,0,,,0,30,6,1244,129,4,,0,70,,1250,0,,,0,30,6,1250,129,4,,0,70,,1243,0,,,0,30,6,1243,129,4,,0,70,,1239,0,,,0,30,6,1239,129,4,,0,70,,1249,0,,,0,30,6,1249,129,4,,0,70,,1246,0,,,0,30,6,1246,129,4,,0,70,,1238,0,,,0,30,6,1238,129,4,,0,70,,1235,0,,,0,30,6,1235,129,4,,0,70,,1240,0,,,0,30,6,1240,129,4,,0,70,,1248,0,,,0,30,6,1248,129,4,,0,70,,1233,0,,,0,30,6,1233,129,4,,0,70,,1237,0,,,0,30,6,1237,129,4,,0,70,,1245,0,,,0,30,6,1245,129,4,,0,70,,1236,0,,,0,30,6,1236,129,4,,0
500,'af66423d-6b82-4070-a66d-7fd5455f4ee0',600,,1276,0,,,0,30,6,1276,129,4,,0,70,,1261,0,,,0,30,6,1261,129,4,,0,70,,1255,0,,,0,30,6,1255,129,4,,0,70,,1269,0,,,0,30,6,1269,129,4,,0,70,,1262,0,,,0,30,6,1262,129,4,,0,70,,1267,0,,,0,30,,1256,0,,,0,70,46,1256,129,4,,0,30,6,1260,129,4,,0,70,46,1274,129,4,,0,30,,1259,0,,,0,70,46,1259,129,4,,0,30,,1266,0,,,0,70,46,1266,129,4,,0,30,,1265,0,,,0,70,,1271,0,,,0,30,6,1271,129,4,,0,70,46,1268,129,4,,0,30,,1275,0,,,0,70,,1273,0,,,0,30,6,1273,129,4,,0,70,,1252,0,,,0,30,6,1252,129,4,,0,70,,1258,0,,,0,30,6,1258,129,4,,0,70,,1263,0,,,0,30,6,1263,129,4,,0,70,,1251,0,,,0,30,6,1251,129,4,,0,70,,1264,0,,,0,30,6,1264,129,4,,0
500,'ccbf4b4f-97af-4307-91ea-d9053fc08e17',900,,1282,0,,,0,30,6,1282,129,4,,0,70,,1277,0,,,0,30,6,1277,129,4,,0,70,,1281,0,,,0,30,6,1281,129,4,,0,70,,1286,0,,,0,30,6,1286,129,4,,0,70,,1279,0,,,0,30,6,1279,129,4,,0,70,,1285,0,,,0,30,6,1285,129,4,,0,70,,1284,0,,,0,30,6,1284,129,4,,0,70,,1278,0,,,0,30,6,1278,129,4,,0,70,,1280,0,,,0,30,6,1280,129,4,,0,70,,1283,0,,,0,30,6,1283,129,4,,0
500,'e8ef8160-ae13-4ecf-849b-1dc14c9e1cc7',900,,1287,0,,,0,30,6,1287,129,4,,0,70,,1292,0,,,0,30,6,1292,129,4,,0,70,,1293,0,,,0,30,6,1293,129,4,,0,70,,1289,0,,,0,30,6,1289,129,4,,0,70,,1291,0,,,0,30,6,1291,129,4,,0,70,,1290,0,,,0,30,6,1290,129,4,,0,70,,1295,0,,,0,30,6,1295,129,4,,0,70,,1296,0,,,0,30,6,1296,129,4,,0,70,,1288,0,,,0,30,6,1288,129,4,,0,70,,1294,0,,,0,30,6,1294,129,4,,0
800,'0ca7a4e8-8deb-447f-af95-efcb11d44b49',600,,1297,0,,,0,30,6,1297,85,4,,0,70,,1310,0,,,0,30,6,1310,85,4,,0,70,,1299,0,,,0,30,6,1299,85,4,,0,70,,1319,0,,,0,30,6,1319,85,4,,0,70,,1320,0,,,0,30,,1316,0,,,0,70,46,1316,85,4,,0,30,6,1303,85,4,,0,70,,1318,0,,,0,30,6,1318,85,4,,0,70,,1317,0,,,0,30,,1300,0,,,0,70,46,1300,85,4,,0,30,6,1311,85,4,,0,70,,1321,0,,,0,30,,1306,0,,,0,70,,1301,0,,,0,30,6,1301,85,4,,0,70,,1302,0,,,0,30,,1308,0,,,0,70,46,1308,85,4,,0,30,6,1322,85,4,,0,70,,1314,0,,,0,30,6,1314,85,4,,0,70,,1305,0,,,0,30,6,1305,85,4,,0,70,,1315,0,,,0,30,6,1315,85,4,,0,70,,1313,0,,,0,30,6,1313,85,4,,0,70,,1309,0,,,0,30,6,1309,85,4,,0
800,'2c0118e0-aa39-4d23-8fdf-0ad2ee311f15',900,,1329,0,,,0,30,6,1329,85,4,,0,70,,1328,0,,,0,30,6,1328,85,4,,0,70,,1327,0,,,0,30,6,1327,85,4,,0,70,,1325,0,,,0,30,6,1325,85,4,,0,70,,1326,0,,,0,30,6,1326,85,4,,0,70,,1324,0,,,0,30,6,1324,85,4,,0,70,,1323,0,,,0,30,6,1323,85,4,,0,70,,1331,0,,,0,30,6,1331,85,4,,0,70,,1330,0,,,0,30,6,1330,85,4,,0,70,,1332,0,,,0,30,6,1332,85,4,,0
800,'54965835-d4b5-43a4-a454-864d26728dd3',600,,1343,0,,,0,30,6,1343,85,4,,0,70,,1334,0,,,0,30,6,1334,85,4,,0,70,,1350,0,,,0,30,6,1350,85,4,,0,70,,1337,0,,,0,30,6,1337,85,4,,0,70,,1335,0,,,0,30,6,1335,85,4,,0,70,,1342,0,,,0,30,6,1342,85,4,,0,70,,1349,0,,,0,30,6,1349,85,4,,0,70,,1340,0,,,0,30,6,1340,85,4,,0,70,,1346,0,,,0,30,6,1346,85,4,,0,70,,1333,0,,,0,30,6,1333,85,4,,0,70,,1347,0,,,0,30,6,1347,85,4,,0,70,,1348,0,,,0,30,6,1348,85,4,,0,70,,1339,0,,,0,30,6,1339,85,4,,0,70,,1344,0,,,0,30,6,1344,85,4,,0,70,,1336,0,,,0,30,6,1336,85,4,,0,70,,1341,0,,,0,30,6,1341,85,4,,0,70,,1338,0,,,0,30,6,1338,85,4,,0,70,,1345,0,,,0,30,6,1345,85,4,,0
800,'8d033c22-56c5-460f-aa74-cffac53817d7',600,,1369,0,,,0,30,6,1369,85,4,,0,70,,1355,0,,,0,30,6,1355,85,4,,0,70,,1365,0,,,0,30,6,1365,85,4,,0,70,,1352,0,,,0,30,6,1352,85,4,,0,70,,1366,0,,,0,30,,1356,0,,,0,70,46,1356,85,4,,0,30,,1370,0,,,0,70,,1363,0,,,0,30,,1376,0,,,0,70,46,1376,85,4,,0,30,6,1353,85,4,,0,70,,1357,0,,,0,30,6,1357,85,4,,0,70,46,1364,85,4,,0,30,,1361,0,,,0,70,46,1361,85,4,,0,30,,1367,0,,,0,70,46,1367,85,4,,0,30,,1360,0,,,0,70,46,1360,85,4,,0,30,6,1368,85,4,,0,70,,1358,0,,,0,30,6,1358,85,4,,0,70,,1372,0,,,0,30,6,1372,85,4,,0,70,,1359,0,,,0,30,6,1359,85,4,,0,70,,1371,0,,,0,30,6,1371,85,4,,0,70,,1354,0,,,0,30,6,1354,85,4,,0
800,'af66423d-6b82-4070-a66d-7fd5455f4ee0',600,,1377,0,,,0,30,6,1377,85,4,,0,70,,1388,0,,,0,30,6,1388,85,4,,0,70,,1378,0,,,0,30,6,1378,85,4,,0,70,,1383,0,,,0,30,6,1383,85,4,,0,70,,1382,0,,,0,30,6,1382,85,4,,0,70,,1394,0,,,0,30,6,1394,85,4,,0,70,,1380,0,,,0,30,6,1380,85,4,,0,70,,1390,0,,,0,30,6,1390,85,4,,0,70,,1381,0,,,0,30,6,1381,85,4,,0,70,,1379,0,,,0,30,6,1379,85,4,,0,70,,1392,0,,,0,30,6,1392,85,4,,0,70,,1391,0,,,0,30,6,1391,85,4,,0,70,,1386,0,,,0,30,6,1386,85,4,,0,70,,1387,0,,,0,30,6,1387,85,4,,0,70,,1389,0,,,0,30,6,1389,85,4,,0,70,,1385,0,,,0,30,6,1385,85,4,,0,70,,1384,0,,,0,30,6,1384,85,4,,0,70,,1393,0,,,0,30,6,1393,85,4,,0
800,'ccbf4b4f-97af-4307-91ea-d9053fc08e17',900,,1398,0,,,0,30,6,1398,85,4,,0,70,,1396,0,,,0,30,6,1396,85,4,,0,70,,1404,0,,,0,30,6,1404,85,4,,0,70,,1403,0,,,0,30,6,1403,85,4,,0,70,,1400,0,,,0,30,6,1400,85,4,,0,70,,1402,0,,,0,30,6,1402,85,4,,0,70,,1397,0,,,0,30,6,1397,85,4,,0,70,,1399,0,,,0,30,6,1399,85,4,,0,70,,1401,0,,,0,30,6,1401,85,4,,0,70,,1395,0,,,0,30,6,1395,85,4,,0
800,'e8ef8160-ae13-4ecf-849b-1dc14c9e1cc7',900,,1407,0,,,0,30,4,1407,85,4,,0,70,,1409,0,,,0,30,4,1409,85,4,,0,70,,1413,0,,,0,30,4,1413,85,4,,0,70,,1410,0,,,0,30,4,1410,85,4,,0,70,,1412,0,,,0,30,4,1412,85,4,,0,70,,1406,0,,,0,30,4,1406,85,4,,0,70,,1405,0,,,0,30,4,1405,85,4,,0,70,,1414,0,,,0,30,4,1414,85,4,,0,70,,1411,0,,,0,30,4,1411,85,4,,0,70,,1408,0,,,0,30,4,1408,85,4,,0
1400,'0ca7a4e8-8deb-447f-af95-efcb11d44b49',630,,1430,0,,,0,70,44,1430,96,4,,0,30,,1431,0,,,0,70,44,1431,96,4,,0,30,,1419,0,,,0,70,44,1419,96,4,,0,30,,1421,0,,,0,70,44,1421,96,4,,0,30,,1432,0,,,0,70,44,1432,96,4,,0,30,,1422,0,,,0,70,44,1422,96,4,,0,30,,1420,0,,,0,70,44,1420,96,4,,0,30,,1427,0,,,0,70,44,1427,96,4,,0,30,,1425,0,,,0,70,44,1425,96,4,,0,30,,1429,0,,,0,70,44,1429,96,4,,0,30,,1418,0,,,0,70,44,1418,96,4,,0,30,,1428,0,,,0,70,44,1428,96,4,,0,30,,1415,0,,,0,70,44,1415,96,4,,0,30,,1416,0,,,0,70,44,1416,96,4,,0,30,,1426,0,,,0,70,44,1426,96,4,,0,30,,1417,0,,,0,70,44,1417,96,4,,0,30,,1423,0,,,0,70,44,1423,96,4,,0,30,,1424,0,,,0,70,44,1424,96,4,,0
1400,'2c0118e0-aa39-4d23-8fdf-0ad2ee311f15',930,,1440,0,,,0,70,44,1440,96,4,,0,30,,1442,0,,,0,70,44,1442,96,4,,0,30,,1439,0,,,0,70,44,1439,96,4,,0,30,,1434,0,,,0,70,44,1434,96,4,,0,30,,1436,0,,,0,70,44,1436,96,4,,0,30,,1441,0,,,0,70,44,1441,96,4,,0,30,,1438,0,,,0,70,44,1438,96,4,,0,30,,1437,0,,,0,70,44,1437,96,4,,0,30,,1435,0,,,0,70,44,1435,96,4,,0,30,,1433,0,,,0,70,44,1433,96,4,,0
1400,'54965835-d4b5-43a4-a454-864d26728dd3',630,,1444,0,,,0,70,44,1444,96,4,,0,30,,1443,0,,,0,70,44,1443,96,4,,0,30,,1454,0,,,0,70,44,1454,96,4,,0,30,,1460,0,,,0,70,44,1460,96,4,,0,30,,1468,0,,,0,70,44,1468,96,4,,0,30,4,1461,96,4,,0,70,,1458,0,,,0,30,4,1458,96,4,,0,70,,1447,0,,,0,30,4,1447,96,4,,0,70,44,1467,96,4,,0,30,,1455,0,,,0,70,44,1455,96,4,,0,30,4,1449,96,4,,0,70,44,1459,96,4,,0,30,,1450,0,,,0,70,44,1450,96,4,,0,30,,1463,0,,,0,70,44,1463,96,4,,0,30,,1452,0,,,0,70,44,1452,96,4,,0,30,,1456,0,,,0,70,44,1456,96,4,,0,30,,1451,0,,,0,70,44,1451,96,4,,0,30,,1445,0,,,0,70,44,1445,96,4,,0,30,,1448,0,,,0,70,44,1448,96,4,,0,30,,1464,0,,,0,70,44,1464,96,4,,0
1400,'8d033c22-56c5-460f-aa74-cffac53817d7',630,,1485,0,,,0,70,44,1485,96,4,,0,30,,1475,0,,,0,70,44,1475,96,4,,0,30,,1481,0,,,0,70,44,1481,96,4,,0,30,,1479,0,,,0,70,44,1479,96,4,,0,30,,1483,0,,,0,70,44,1483,96,4,,0,30,,1482,0,,,0,70,44,1482,96,4,,0,30,,1484,0,,,0,70,44,1484,96,4,,0,30,,1477,0,,,0,70,44,1477,96,4,,0,30,,1478,0,,,0,70,44,1478,96,4,,0,30,,1473,0,,,0,70,44,1473,96,4,,0,30,,1469,0,,,0,70,44,1469,96,4,,0,30,,1470,0,,,0,70,44,1470,96,4,,0,30,,1486,0,,,0,70,44,1486,96,4,,0,30,,1480,0,,,0,70,44,1480,96,4,,0,30,,1471,0,,,0,70,44,1471,96,4,,0,30,,1474,0,,,0,70,44,1474,96,4,,0,30,,1476,0,,,0,70,44,1476,96,4,,0,30,,1472,0,,,0,70,44,1472,96,4,,0
1400,'af66423d-6b82-4070-a66d-7fd5455f4ee0',630,,1498,0,,,0,70,44,1498,96,4,,0,30,,1508,0,,,0,70,44,1508,96,4,,0,30,,1497,0,,,0,70,44,1497,96,4,,0,30,,1503,0,,,0,70,44,1503,96,4,,0,30,,1500,0,,,0,70,,1502,0,,,0,30,4,1502,96,4,,0,70,44,1491,96,4,,0,30,,1489,0,,,0,70,44,1489,96,4,,0,30,,1506,0,,,0,70,44,1506,96,4,,0,30,,1496,0,,,0,70,44,1496,96,4,,0,30,,1492,0,,,0,70,44,1492,96,4,,0,30,,1505,0,,,0,70,,1512,0,,,0,30,,1493,0,,,0,70,44,1493,96,4,,0,30,,1511,0,,,0,70,44,1511,96,4,,0,30,,1509,0,,,0,70,44,1509,96,4,,0,30,,1490,0,,,0,70,44,1490,96,4,,0,30,,1488,0,,,0,70,44,1488,96,4,,0,30,,1495,0,,,0,70,44,1495,96,4,,0,30,,1494,0,,,0,70,44,1494,96,4,,0
1400,'ccbf4b4f-97af-4307-91ea-d9053fc08e17',930,,1516,0,,,0,70,44,1516,96,4,,0,30,,1514,0,,,0,70,44,1514,96,4,,0,30,,1513,0,,,0,70,44,1513,96,4,,0,30,,1517,0,,,0,70,44,1517,96,4,,0,30,,1522,0,,,0,70,44,1522,96,4,,0,30,,1521,0,,,0,70,44,1521,96,4,,0,30,,1515,0,,,0,70,44,1515,96,4,,0,30,,1518,0,,,0,70,44,1518,96,4,,0,30,,1519,0,,,0,70,44,1519,96,4,,0,30,,1520,0,,,0,70,44,1520,96,4,,0
1400,'e8ef8160-ae13-4ecf-849b-1dc14c9e1cc7',930,,1523,0,,,0,70,44,1523,96,4,,0,30,,1525,0,,,0,70,44,1525,96,4,,0,30,,1532,0,,,0,70,44,1532,96,4,,0,30,,1526,0,,,0,70,44,1526,96,4,,0,30,,1530,0,,,0,70,44,1530,96,4,,0,30,,1529,0,,,0,70,44,1529,96,4,,0,30,,1531,0,,,0,70,44,1531,96,4,,0,30,,1528,0,,,0,70,44,1528,96,4,,0,30,,1527,0,,,0,70,44,1527,96,4,,0,30,,1524,0,,,0,70,44,1524,96,4,,0
1500,'0ca7a4e8-8deb-447f-af95-efcb11d44b49',600,,1537,0,,,0,30,7,1537,81,4,,0,70,,1562,0,,,0,30,7,1562,81,4,,0,70,47,1550,81,4,,0,30,,1551,0,,,0,70,47,1551,81,4,,0,30,7,1548,81,4,,0,70,,1560,0,,,0,30,7,1560,81,4,,0,70,,1542,0,,,0,30,7,1542,81,4,,0,70,,1557,0,,,0,30,7,1557,81,4,,0,70,,1549,0,,,0,30,,1539,0,,,0,70,47,1539,81,4,,0,30,,1547,0,,,0,70,47,1547,81,4,,0,30,7,1555,81,4,,0,70,,1536,0,,,0,30,7,1536,81,4,,0,70,47,1561,81,4,,0,30,,1540,0,,,0,70,47,1540,81,4,,0,30,,1546,0,,,0,70,47,1546,81,4,,0,30,,1553,0,,,0,70,47,1553,81,4,,0,30,,1543,0,,,0,70,47,1543,81,4,,0,30,,1534,0,,,0,70,47,1534,81,4,,0,30,,1558,0,,,0,70,47,1558,81,4,,0,30,,1545,0,,,0,70,47,1545,81,4,,0
1500,'2c0118e0-aa39-4d23-8fdf-0ad2ee311f15',930,,1569,0,,,0,70,47,1569,81,4,,0,30,,1568,0,,,0,70,47,1568,81,4,,0,30,,1563,0,,,0,70,47,1563,81,4,,0,30,,1567,0,,,0,70,47,1567,81,4,,0,30,,1572,0,,,0,70,47,1572,81,4,,0,30,,1565,0,,,0,70,47,1565,81,4,,0,30,,1571,0,,,0,70,47,1571,81,4,,0,30,,1566,0,,,0,70,47,1566,81,4,,0,30,,1564,0,,,0,70,47,1564,81,4,,0,30,,1570,0,,,0,70,47,1570,81,4,,0
1500,'54965835-d4b5-43a4-a454-864d26728dd3',630,,1577,0,,,0,70,47,1577,81,4,,0,30,,1596,0,,,0,70,47,1596,81,4,,0,30,,1591,0,,,0,70,47,1591,81,4,,0,30,,1579,0,,,0,70,47,1579,81,4,,0,30,7,1578,81,4,,0,70,,1590,0,,,0,30,7,1590,81,4,,0,70,,1588,0,,,0,30,7,1588,81,4,,0,70,,1573,0,,,0,30,,1592,0,,,0,70,47,1592,81,4,,0,30,7,1594,81,4,,0,70,47,1582,81,4,,0,30,,1583,0,,,0,70,,1581,0,,,0,30,7,1581,81,4,,0,70,,1589,0,,,0,30,7,1589,81,4,,0,70,47,1593,81,4,,0,30,,1574,0,,,0,70,47,1574,81,4,,0,30,,1586,0,,,0,70,47,1586,81,4,,0,30,,1585,0,,,0,70,47,1585,81,4,,0,30,,1597,0,,,0,70,47,1597,81,4,,0,30,,1598,0,,,0,70,47,1598,81,4,,0,30,,1576,0,,,0,70,47,1576,81,4,,0
1500,'8d033c22-56c5-460f-aa74-cffac53817d7',600,,1617,0,,,0,30,7,1617,81,4,,0,70,,1611,0,,,0,30,,1602,0,,,0,70,47,1602,81,4,,0,30,7,1612,81,4,,0,70,,1626,0,,,0,30,,1605,0,,,0,70,47,1605,81,4,,0,30,7,1628,81,4,,0,70,,1619,0,,,0,30,,1624,0,,,0,70,,1610,0,,,0,30,7,1610,81,4,,0,70,,1620,0,,,0,30,7,1620,81,4,,0,70,47,1607,81,4,,0,30,,1608,0,,,0,70,,1599,0,,,0,30,,1623,0,,,0,70,47,1623,81,4,,0,30,,1618,0,,,0,70,,1613,0,,,0,30,7,1613,81,4,,0,70,47,1604,81,4,,0,30,,1625,0,,,0,70,47,1625,81,4,,0,30,,1614,0,,,0,70,47,1614,81,4,,0,30,,1603,0,,,0,70,47,1603,81,4,,0,30,,1627,0,,,0,70,47,1627,81,4,,0,30,,1621,0,,,0,70,47,1621,81,4,,0,30,,1601,0,,,0,70,47,1601,81,4,,0
1500,'af66423d-6b82-4070-a66d-7fd5455f4ee0',630,,1639,0,,,0,70,47,1639,81,4,,0,30,,1641,0,,,0,70,47,1641,81,4,,0,30,,1637,0,,,0,70,47,1637,81,4,,0,30,,1636,0,,,0,70,,1634,0,,,0,30,,1645,0,,,0,70,,1647,0,,,0,30,7,1647,81,4,,0,70,47,1629,81,4,,0,30,7,1651,81,4,,0,70,47,1642,81,4,,0,30,,1653,0,,,0,70,47,1653,81,4,,0,30,,1632,0,,,0,70,47,1632,81,4,,0,30,,1633,0,,,0,70,47,1633,81,4,,0,30,7,1650,81,4,,0,70,,1648,0,,,0,30,,1635,0,,,0,70,47,1635,81,4,,0,30,,1638,0,,,0,70,47,1638,81,4,,0,30,,1631,0,,,0,70,47,1631,81,4,,0,30,,1630,0,,,0,70,47,1630,81,4,,0,30,,1646,0,,,0,70,47,1646,81,4,,0,30,,1652,0,,,0,70,47,1652,81,4,,0,30,,1640,0,,,0,70,47,1640,81,4,,0
1500,'ccbf4b4f-97af-4307-91ea-d9053fc08e17',930,,1657,0,,,0,70,47,1657,81,4,,0,30,,1659,0,,,0,70,47,1659,81,4,,0,30,,1655,0,,,0,70,47,1655,81,4,,0,30,,1658,0,,,0,70,47,1658,81,4,,0,30,,1656,0,,,0,70,47,1656,81,4,,0,30,,1661,0,,,0,70,47,1661,81,4,,0,30,,1663,0,,,0,70,47,1663,81,4,,0,30,,1660,0,,,0,70,47,1660,81,4,,0,30,,1662,0,,,0,70,47,1662,81,4,,0,30,,1664,0,,,0,70,47,1664,81,4,,0
1500,'e8ef8160-ae13-4ecf-849b-1dc14c9e1cc7',930,,1669,0,,,0,70,47,1669,81,4,,0,30,,1672,0,,,0,70,47,1672,81,4,,0,30,,1671,0,,,0,70,47,1671,81,4,,0,30,,1673,0,,,0,70,47,1673,81,4,,0,30,,1667,0,,,0,70,47,1667,81,4,,0,30,,1674,0,,,0,70,47,1674,81,4,,0,30,,1665,0,,,0,70,41,1665,81,4,,0,30,,1666,0,,,0,70,47,1666,81,4,,0,30,,1668,0,,,0,70,41,1668,81,4,,0,30,,1670,0,,,0,70,41,1670,81,4,,0
1700,'0ca7a4e8-8deb-447f-af95-efcb11d44b49',600,,1679,0,,,0,30,,1676,0,,,0,70,,1681,0,,,0,30,,1682,0,,,0,70,,1677,0,,,0,30,,1675,0,,,0,70,,1680,0,,,0,30,,1678,0,,,0
1700,'8d033c22-56c5-460f-aa74-cffac53817d7',600,,1687,0,,,0,30,,1685,0,,,0,70,,1684,0,,,0,30,,1686,0,,,0,70,,1683,0,,,0,30,,1689,0,,,0,70,,1690,0,,,0,30,,1688,0,,,0
1701,'0ca7a4e8-8deb-447f-af95-efcb11d44b49',1000,,1700,0,,,0,30,,1708,0,,,0,70,44,1708,120,4,,0,30,,1704,0,,,0,70,,1709,0,,,0,30,4,1709,120,4,,0,70,44,1698,120,4,,0,30,,1692,0,,,0,70,44,1692,120,4,,0,30,4,1694,120,4,,0,70,,1695,0,,,0,30,4,1695,120,4,,0,70,,1696,0,,,0,30,,1712,0,,,0,70,,1697,0,,,0,30,4,1697,120,4,,0,70,44,1707,120,4,,0,30,,1710,0,,,0,70,44,1710,120,4,,0,30,,1703,0,,,0,70,44,1703,120,4,,0,30,,1711,0,,,0,70,44,1711,120,4,,0,30,,1699,0,,,0,70,44,1699,120,4,,0,30,,1706,0,,,0,70,44,1706,120,4,,0,30,,1693,0,,,0,70,44,1693,120,4,,0
1701,'2c0118e0-aa39-4d23-8fdf-0ad2ee311f15',930,,1721,0,,,0,70,44,1721,120,4,,0,30,,1720,0,,,0,70,44,1720,120,4,,0,30,,1716,0,,,0,70,44,1716,120,4,,0,30,,1718,0,,,0,70,44,1718,120,4,,0,30,,1722,0,,,0,70,44,1722,120,4,,0,30,,1713,0,,,0,70,44,1713,120,4,,0,30,,1717,0,,,0,70,44,1717,120,4,,0,30,,1714,0,,,0,70,44,1714,120,4,,0,30,,1719,0,,,0,70,44,1719,120,4,,0,30,,1715,0,,,0,70,44,1715,120,4,,0
1701,'54965835-d4b5-43a4-a454-864d26728dd3',630,,1743,0,,,0,70,44,1743,120,4,,0,30,,1747,0,,,0,70,44,1747,120,4,,0,30,,1730,0,,,0,70,44,1730,120,4,,0,30,,1741,0,,,0,70,,1746,0,,,0,30,,1742,0,,,0,70,44,1742,120,4,,0,30,4,1740,120,4,,0,70,,1748,0,,,0,30,,1738,0,,,0,70,44,1738,120,4,,0,30,4,1728,120,4,,0,70,,1739,0,,,0,30,4,1739,120,4,,0,70,44,1726,120,4,,0,30,,1733,0,,,0,70,44,1733,120,4,,0,30,4,1734,120,4,,0,70,44,1725,120,4,,0,30,,1744,0,,,0,70,44,1744,120,4,,0,30,,1732,0,,,0,70,44,1732,120,4,,0,30,,1735,0,,,0,70,44,1735,120,4,,0,30,,1731,0,,,0,70,44,1731,120,4,,0,30,,1729,0,,,0,70,44,1729,120,4,,0,30,,1727,0,,,0,70,44,1727,120,4,,0,30,,1745,0,,,0,70,44,1745,120,4,,0
1701,'8d033c22-56c5-460f-aa74-cffac53817d7',1000,,1757,0,,,0,30,,1750,0,,,0,70,44,1750,120,4,,0,30,,1768,0,,,0,70,44,1768,120,4,,0,30,4,1764,120,4,,0,70,,1759,0,,,0,30,4,1759,120,4,,0,70,,1751,0,,,0,30,4,1751,120,4,,0,70,,1760,0,,,0,30,4,1760,120,4,,0,70,,1766,0,,,0,30,,1765,0,,,0,70,44,1765,120,4,,0,30,4,1770,120,4,,0,70,44,1767,120,4,,0,30,,1753,0,,,0,70,44,1753,120,4,,0,30,,1761,0,,,0,70,44,1761,120,4,,0,30,,1749,0,,,0,70,44,1749,120,4,,0,30,,1762,0,,,0,70,44,1762,120,4,,0,30,,1756,0,,,0,70,44,1756,120,4,,0,30,,1754,0,,,0,70,44,1754,120,4,,0
1701,'af66423d-6b82-4070-a66d-7fd5455f4ee0',630,,1777,0,,,0,70,44,1777,120,4,,0,30,,1784,0,,,0,70,44,1784,120,4,,0,30,,1785,0,,,0,70,44,1785,120,4,,0,30,,1775,0,,,0,70,,1771,0,,,0,30,4,1771,120,4,,0,70,44,1776,120,4,,0,30,,1778,0,,,0,70,44,1778,120,4,,0,30,4,1791,120,4,,0,70,44,1794,120,4,,0,30,,1795,0,,,0,70,44,1795,120,4,,0,30,4,1782,120,4,,0,70,,1774,0,,,0,30,4,1774,120,4,,0,70,,1781,0,,,0,30,,1773,0,,,0,70,44,1773,120,4,,0,30,4,1793,120,4,,0,70,44,1796,120,4,,0,30,,1783,0,,,0,70,44,1783,120,4,,0,30,,1789,0,,,0,70,44,1789,120,4,,0,30,,1780,0,,,0,70,44,1780,120,4,,0,30,,1779,0,,,0,70,44,1779,120,4,,0,30,,1792,0,,,0,70,44,1792,120,4,,0,30,,1787,0,,,0,70,44,1787,120,4,,0
1701,'ccbf4b4f-97af-4307-91ea-d9053fc08e17',930,,1799,0,,,0,70,44,1799,120,4,,0,30,,1804,0,,,0,70,44,1804,120,4,,0,30,,1802,0,,,0,70,44,1802,120,4,,0,30,,1801,0,,,0,70,44,1801,120,4,,0,30,,1803,0,,,0,70,44,1803,120,4,,0,30,,1806,0,,,0,70,44,1806,120,4,,0,30,,1805,0,,,0,70,44,1805,120,4,,0,30,,1797,0,,,0,70,44,1797,120,4,,0,30,,1798,0,,,0,70,44,1798,120,4,,0,30,,1800,0,,,0,70,44,1800,120,4,,0
1701,'e8ef8160-ae13-4ecf-849b-1dc14c9e1cc7',930,,1809,0,,,0,70,41,1809,120,4,,0,30,,1807,0,,,0,70,41,1807,120,4,,0,30,,1813,0,,,0,70,44,1813,120,4,,0,30,,1810,0,,,0,70,44,1810,120,4,,0,30,,1808,0,,,0,70,44,1808,120,4,,0,30,,1812,0,,,0,70,41,1812,120,4,,0,30,,1811,0,,,0,70,41,1811,120,4,,0,30,,1814,0,,,0,70,44,1814,120,4,,0,30,,1815,0,,,0,70,41,1815,120,4,,0,30,,1816,0,,,0,70,41,1816,120,4,,0
2200,'0ca7a4e8-8deb-447f-af95-efcb11d44b49',600,,1846,0,,,0,30,,1829,0,,,0,70,44,1829,134,4,,0,30,4,1819,134,4,,0,70,,1842,0,,,0,30,,1830,0,,,0,70,44,1830,134,4,,0,30,4,1822,134,4,,0,70,,1839,0,,,0,30,4,1839,134,4,,0,70,,1826,0,,,0,30,4,1826,134,4,,0,70,,1818,0,,,0,30,4,1818,134,4,,0,70,,1833,0,,,0,30,,1817,0,,,0,70,44,1817,134,4,,0,30,,1823,0,,,0,70,44,1823,134,4,,0,30,,1834,0,,,0,70,44,1834,134,4,,0,30,4,1828,134,4,,0,70,44,1837,134,4,,0,30,,1838,0,,,0,70,44,1838,134,4,,0,30,4,1841,134,4,,0,70,,1844,0,,,0,30,4,1844,134,4,,0,70,,1825,0,,,0,30,4,1825,134,4,,0,70,,1831,0,,,0,30,4,1831,134,4,,0,70,,1832,0,,,0,30,4,1832,134,4,,0,70,,1845,0,,,0,30,4,1845,134,4,,0
2200,'2c0118e0-aa39-4d23-8fdf-0ad2ee311f15',900,,1847,0,,,0,30,4,1847,134,4,,0,70,,1849,0,,,0,30,4,1849,134,4,,0,70,,1856,0,,,0,30,4,1856,134,4,,0,70,,1854,0,,,0,30,4,1854,134,4,,0,70,,1853,0,,,0,30,4,1853,134,4,,0,70,,1855,0,,,0,30,4,1855,134,4,,0,70,,1851,0,,,0,30,4,1851,134,4,,0,70,,1850,0,,,0,30,4,1850,134,4,,0,70,,1852,0,,,0,30,4,1852,134,4,,0,70,,1848,0,,,0,30,4,1848,134,4,,0
2200,'54965835-d4b5-43a4-a454-864d26728dd3',600,,1859,0,,,0,30,4,1859,134,4,,0,70,,1876,0,,,0,30,4,1876,134,4,,0,70,,1870,0,,,0,30,4,1870,134,4,,0,70,,1879,0,,,0,30,4,1879,134,4,,0,70,,1863,0,,,0,30,4,1863,134,4,,0,70,,1881,0,,,0,30,,1864,0,,,0,70,44,1864,134,4,,0,30,,1880,0,,,0,70,,1869,0,,,0,30,4,1869,134,4,,0,70,,1874,0,,,0,30,4,1874,134,4,,0,70,,1857,0,,,0,30,4,1857,134,4,,0,70,,1861,0,,,0,30,,1871,0,,,0,70,44,1871,134,4,,0,30,4,1858,134,4,,0,70,,1878,0,,,0,30,4,1878,134,4,,0,70,,1862,0,,,0,30,4,1862,134,4,,0,70,,1872,0,,,0,30,4,1872,134,4,,0,70,,1866,0,,,0,30,4,1866,134,4,,0,70,,1875,0,,,0,30,4,1875,134,4,,0,70,,1865,0,,,0,30,4,1865,134,4,,0
2200,'8d033c22-56c5-460f-aa74-cffac53817d7',600,,1908,0,,,0,30,,1910,0,,,0,70,44,1910,134,4,,0,30,,1899,0,,,0,70,44,1899,134,4,,0,30,,1894,0,,,0,70,,1885,0,,,0,30,4,1885,134,4,,0,70,,1890,0,,,0,30,,1895,0,,,0,70,44,1895,134,4,,0,30,,1901,0,,,0,70,44,1901,134,4,,0,30,,1884,0,,,0,70,,1906,0,,,0,30,4,1906,134,4,,0,70,44,1892,134,4,,0,30,,1898,0,,,0,70,44,1898,134,4,,0,30,,1888,0,,,0,70,44,1888,134,4,,0,30,,1911,0,,,0,70,,1902,0,,,0,30,4,1902,134,4,,0,70,44,1897,134,4,,0,30,4,1904,134,4,,0,70,,1886,0,,,0,30,4,1886,134,4,,0,70,,1883,0,,,0,30,4,1883,134,4,,0,70,,1889,0,,,0,30,4,1889,134,4,,0,70,,1909,0,,,0,30,4,1909,134,4,,0,70,,1896,0,,,0,30,4,1896,134,4,,0
2200,'af66423d-6b82-4070-a66d-7fd5455f4ee0',600,,1938,0,,,0,30,4,1938,134,4,,0,70,,1916,0,,,0,30,4,1916,134,4,,0,70,,1932,0,,,0,30,4,1932,134,4,,0,70,,1937,0,,,0,30,4,1937,134,4,,0,70,,1933,0,,,0,30,4,1933,134,4,,0,70,44,1924,134,4,,0,30,,1920,0,,,0,70,44,1920,134,4,,0,30,4,1913,134,4,,0,70,44,1923,134,4,,0,30,,1935,0,,,0,70,44,1935,134,4,,0,30,,1930,0,,,0,70,44,1930,134,4,,0,30,4,1929,134,4,,0,70,,1936,0,,,0,30,,1931,0,,,0,70,,1918,0,,,0,30,4,1918,134,4,,0,70,44,1927,134,4,,0,30,4,1917,134,4,,0,70,,1926,0,,,0,30,4,1926,134,4,,0,70,,1919,0,,,0,30,4,1919,134,4,,0,70,,1925,0,,,0,30,4,1925,134,4,,0,70,,1928,0,,,0,30,4,1928,134,4,,0,70,,1914,0,,,0,30,4,1914,134,4,,0
2200,'ccbf4b4f-97af-4307-91ea-d9053fc08e17',900,,1945,0,,,0,30,4,1945,134,4,,0,70,,1948,0,,,0,30,4,1948,134,4,,0,70,,1944,0,,,0,30,4,1944,134,4,,0,70,,1940,0,,,0,30,4,1940,134,4,,0,70,,1941,0,,,0,30,4,1941,134,4,,0,70,,1942,0,,,0,30,4,1942,134,4,,0,70,,1943,0,,,0,30,4,1943,134,4,,0,70,,1947,0,,,0,30,4,1947,134,4,,0,70,,1939,0,,,0,30,4,1939,134,4,,0,70,,1946,0,,,0,30,4,1946,134,4,,0
2200,'e8ef8160-ae13-4ecf-849b-1dc14c9e1cc7',900,,1957,0,,,0,30,4,1957,134,4,,0,70,,1954,0,,,0,30,4,1954,134,4,,0,70,,1951,0,,,0,30,4,1951,134,4,,0,70,,1956,0,,,0,30,4,1956,134,4,,0,70,,1952,0,,,0,30,4,1952,134,4,,0,70,,1958,0,,,0,30,4,1958,134,4,,0,70,,1950,0,,,0,30,4,1950,134,4,,0,70,,1949,0,,,0,30,4,1949,134,4,,0,70,,1955,0,,,0,30,4,1955,134,4,,0,70,,1953,0,,,0,30,4,1953,134,4,,0
2300,'0ca7a4e8-8deb-447f-af95-efcb11d44b49',600,,1985,0,,,0,30,3,1985,103,4,,0,70,43,1977,106,4,,0,30,,1981,0,,,0,70,,1962,0,,,0,30,,1971,0,,,0,70,43,1971,106,4,,0,30,3,1963,103,4,,0,70,,1984,0,,,0,30,3,1984,103,4,,0,70,,1974,0,,,0,30,3,1974,103,4,,0,70,,1987,0,,,0,30,,1978,0,,,0,70,43,1978,106,4,,0,30,,1988,0,,,0,70,,1966,0,,,0,30,3,1966,103,4,,0,70,,1986,0,,,0,30,,1969,0,,,0,70,43,1969,106,4,,0,30,,1979,0,,,0,70,43,1979,106,4,,0,30,,1980,0,,,0,70,43,1980,106,4,,0,30,3,1975,103,4,,0,70,,1960,0,,,0,30,3,1960,103,4,,0,70,,1968,0,,,0,30,3,1968,103,4,,0,70,,1983,0,,,0,30,3,1983,103,4,,0,70,,1961,0,,,0,30,3,1961,103,4,,0,70,,1973,0,,,0,30,3,1973,103,4,,0
2300,'2c0118e0-aa39-4d23-8fdf-0ad2ee311f15',900,,1991,0,,,0,30,3,1991,103,4,,0,70,,1997,0,,,0,30,3,1997,103,4,,0,70,,1993,0,,,0,30,3,1993,103,4,,0,70,,1998,0,,,0,30,3,1998,103,4,,0,70,,1994,0,,,0,30,3,1994,103,4,,0,70,,1992,0,,,0,30,3,1992,103,4,,0,70,,1989,0,,,0,30,3,1989,103,4,,0,70,,1996,0,,,0,30,3,1996,103,4,,0,70,,1990,0,,,0,30,3,1990,103,4,,0,70,,1995,0,,,0,30,3,1995,103,4,,0
2300,'54965835-d4b5-43a4-a454-864d26728dd3',600,,2010,0,,,0,30,3,2010,103,4,,0,70,,2001,0,,,0,30,3,2001,103,4,,0,70,,2002,0,,,0,30,3,2002,103,4,,0,70,,2008,0,,,0,30,3,2008,103,4,,0,70,,2022,0,,,0,30,,2014,0,,,0,70,43,2014,103,4,,0,30,3,2023,103,4,,0,70,,2007,0,,,0,30,3,2007,103,4,,0,70,43,2018,103,4,,0,30,,2019,0,,,0,70,43,2019,103,4,,0,30,,2021,0,,,0,70,43,2021,103,4,,0,30,3,1999,103,4,,0,70,,2003,0,,,0,30,,2005,0,,,0,70,,2020,0,,,0,30,3,2020,103,4,,0,70,43,2011,103,4,,0,30,3,2000,103,4,,0,70,,2013,0,,,0,30,3,2013,103,4,,0,70,,2004,0,,,0,30,3,2004,103,4,,0,70,,2015,0,,,0,30,3,2015,103,4,,0,70,,2012,0,,,0,30,3,2012,103,4,,0,70,,2009,0,,,0,30,3,2009,103,4,,0
2300,'8d033c22-56c5-460f-aa74-cffac53817d7',600,,2049,0,,,0,30,3,2049,103,4,,0,70,,2038,0,,,0,30,3,2038,103,4,,0,70,,2044,0,,,0,30,3,2044,103,4,,0,70,43,2043,106,4,,0,30,,2035,0,,,0,70,43,2035,106,4,,0,30,,2036,0,,,0,70,,2028,0,,,0,30,3,2028,103,4,,0,70,43,2040,106,4,,0,30,3,2026,103,4,,0,70,,2045,0,,,0,30,,2034,0,,,0,70,,2039,0,,,0,30,3,2039,103,4,,0,70,,2054,0,,,0,30,3,2054,103,4,,0,70,43,2046,106,4,,0,30,3,2032,103,4,,0,70,,2048,0,,,0,30,,2025,0,,,0,70,,2029,0,,,0,30,3,2029,103,4,,0,70,,2042,0,,,0,30,3,2042,103,4,,0,70,,2027,0,,,0,30,3,2027,103,4,,0,70,,2051,0,,,0,30,3,2051,103,4,,0,70,,2050,0,,,0,30,3,2050,103,4,,0,70,,2037,0,,,0,30,3,2037,103,4,,0
2300,'af66423d-6b82-4070-a66d-7fd5455f4ee0',600,,2073,0,,,0,30,3,2073,103,4,,0,70,,2070,0,,,0,30,3,2070,103,4,,0,70,,2055,0,,,0,30,3,2055,103,4,,0,70,,2061,0,,,0,30,3,2061,103,4,,0,70,,2065,0,,,0,30,3,2065,103,4,,0,70,,2077,0,,,0,30,3,2077,103,4,,0,70,43,2059,103,4,,0,30,,2064,0,,,0,70,43,2064,103,4,,0,30,3,2062,103,4,,0,70,,2078,0,,,0,30,,2074,0,,,0,70,,2056,0,,,0,30,3,2056,103,4,,0,70,,2063,0,,,0,30,3,2063,103,4,,0,70,,2079,0,,,0,30,3,2079,103,4,,0,70,,2075,0,,,0,30,3,2075,103,4,,0,70,,2057,0,,,0,30,3,2057,103,4,,0,70,,2076,0,,,0,30,3,2076,103,4,,0,70,,2066,0,,,0,30,3,2066,103,4,,0,70,,2072,0,,,0,30,3,2072,103,4,,0,70,,2071,0,,,0,30,3,2071,103,4,,0
2300,'ccbf4b4f-97af-4307-91ea-d9053fc08e17',900,,2082,0,,,0,30,3,2082,103,4,,0,70,,2087,0,,,0,30,3,2087,103,4,,0,70,,2088,0,,,0,30,3,2088,103,4,,0,70,,2081,0,,,0,30,3,2081,103,4,,0,70,,2083,0,,,0,30,3,2083,103,4,,0,70,,2090,0,,,0,30,3,2090,103,4,,0,70,,2089,0,,,0,30,3,2089,103,4,,0,70,,2084,0,,,0,30,3,2084,103,4,,0,70,,2085,0,,,0,30,3,2085,103,4,,0,70,,2086,0,,,0,30,3,2086,103,4,,0
2300,'e8ef8160-ae13-4ecf-849b-1dc14c9e1cc7',900,,2099,0,,,0,30,3,2099,103,4,,0,70,,2100,0,,,0,30,3,2100,103,4,,0,70,,2091,0,,,0,30,3,2091,103,4,,0,70,,2098,0,,,0,30,3,2098,103,4,,0,70,,2094,0,,,0,30,3,2094,103,4,,0,70,,2092,0,,,0,30,3,2092,103,4,,0,70,,2096,0,,,0,30,3,2096,103,4,,0,70,,2093,0,,,0,30,3,2093,103,4,,0,70,,2095,0,,,0,30,3,2095,103,4,,0,70,,2097,0,,,0,30,3,2097,103,4,,0
