400,'0ca7a4e8-8deb-447f-af95-efcb11d44b49',630,,1063,3,,,0,100,,1061,3,,,0,100,,1062,3,,,0,100,,1064,3,,,0
400,'8d033c22-56c5-460f-aa74-cffac53817d7',630,,1065,3,,,0,100,,1067,3,,,0,100,,1068,3,,,0,100,,1066,3,,,0
401,'0ca7a4e8-8deb-447f-af95-efcb11d44b49',1000,,1089,3,,,0,30,,1070,3,,,0,70,,1081,3,,,0,30,,1069,3,,,0,70,,1082,3,,,0,30,,1080,3,,,0,70,,1076,3,,,0,30,,1087,3,,,0,70,,1075,3,,,0,30,,1079,3,,,0,70,,1071,3,,,0,30,,1083,3,,,0,70,,1077,3,,,0,30,,1084,3,,,0,70,,1088,3,,,0,30,,1078,3,,,0,100,,1074,3,,,0,100,,1085,3,,,0,100,,1090,3,,,0,100,,1086,3,,,0,100,,1072,3,,,0,100,,1073,3,,,0
401,'2c0118e0-aa39-4d23-8fdf-0ad2ee311f15',930,,1091,3,,,0,100,,1098,3,,,0,100,,1099,3,,,0,100,,1093,3,,,0,100,,1094,3,,,0,100,,1097,3,,,0,100,,1095,3,,,0,100,,1096,3,,,0,100,,1100,3,,,0,100,,1092,3,,,0
401,'54965835-d4b5-43a4-a454-864d26728dd3',630,,1106,3,,,0,100,,1113,3,,,0,100,,1104,3,,,0,100,,1103,3,,,0,100,,1116,3,,,0,100,,1110,3,,,0,100,,1105,3,,,0,100,,1108,3,,,0,100,,1107,3,,,0,100,,1112,3,,,0,100,,1118,3,,,0,100,,1111,3,,,0,100,,1102,3,,,0,100,,1109,3,,,0,100,,1101,3,,,0,100,,1117,3,,,0,100,,1114,3,,,0,100,,1115,3,,,0
401,'8d033c22-56c5-460f-aa74-cffac53817d7',1000,,1136,3,,,0,30,,1135,3,,,0,70,,1134,3,,,0,30,,1140,3,,,0,70,,1124,3,,,0,30,,1129,3,,,0,70,,1138,3,,,0,30,,1125,3,,,0,70,,1120,3,,,0,30,,1128,3,,,0,70,,1121,3,,,0,30,,1127,3,,,0,70,,1130,3,,,0,30,,1123,3,,,0,70,,1132,3,,,0,30,,1137,3,,,0,100,,1139,3,,,0,100,,1126,3,,,0,100,,1133,3,,,0,100,,1119,3,,,0,100,,1122,3,,,0,100,,1131,3,,,0
401,'af66423d-6b82-4070-a66d-7fd5455f4ee0',630,,1141,3,,,0,100,,1147,3,,,0,100,,1157,3,,,0,100,,1158,3,,,0,100,,1156,3,,,0,100,,1150,3,,,0,100,,1153,3,,,0,100,,1142,3,,,0,100,,1151,3,,,0,100,,1154,3,,,0,100,,1148,3,,,0,100,,1149,3,,,0,100,,1145,3,,,0,100,,1143,3,,,0,100,,1144,3,,,0,100,,1152,3,,,0,100,,1146,3,,,0,100,,1155,3,,,0
401,'ccbf4b4f-97af-4307-91ea-d9053fc08e17',930,,1164,3,,,0,100,,1162,3,,,0,100,,1159,3,,,0,100,,1166,3,,,0,100,,1167,3,,,0,100,,1163,3,,,0,100,,1160,3,,,0,100,,1161,3,,,0,100,,1168,3,,,0,100,,1165,3,,,0
401,'e8ef8160-ae13-4ecf-849b-1dc14c9e1cc7',930,,1178,3,,,0,100,,1170,3,,,0,100,,1177,3,,,0,100,,1176,3,,,0,100,,1174,3,,,0,100,,1171,3,,,0,100,,1169,3,,,0,100,,1173,3,,,0,100,,1172,3,,,0,100,,1175,3,,,0
800,'0ca7a4e8-8deb-447f-af95-efcb11d44b49',600,,1297,3,,,0,100,,1310,3,,,0,100,,1299,3,,,0,100,,1319,3,,,0,100,,1320,3,,,0,30,,1316,3,,,0,70,,1303,3,,,0,30,,1304,3,,,0,70,,1318,3,,,0,30,,1298,3,,,0,70,,1317,3,,,0,30,,1300,3,,,0,70,,1311,3,,,0,30,,1307,3,,,0,70,,1321,3,,,0,30,,1306,3,,,0,70,,1301,3,,,0,30,,1312,3,,,0,70,,1302,3,,,0,30,,1308,3,,,0,70,,1322,3,,,0,100,,1314,3,,,0,100,,1305,3,,,0,100,,1315,3,,,0,100,,1313,3,,,0,100,,1309,3,,,0
800,'2c0118e0-aa39-4d23-8fdf-0ad2ee311f15',900,,1329,3,,,0,100,,1328,3,,,0,100,,1327,3,,,0,100,,1325,3,,,0,100,,1326,3,,,0,100,,1324,3,,,0,100,,1323,3,,,0,100,,1331,3,,,0,100,,1330,3,,,0,100,,1332,3,,,0
800,'54965835-d4b5-43a4-a454-864d26728dd3',600,,1343,3,,,0,100,,1334,3,,,0,100,,1350,3,,,0,100,,1337,3,,,0,100,,1335,3,,,0,100,,1342,3,,,0,100,,1349,3,,,0,100,,1340,3,,,0,100,,1346,3,,,0,100,,1333,3,,,0,100,,1347,3,,,0,100,,1348,3,,,0,100,,1339,3,,,0,100,,1344,3,,,0,100,,1336,3,,,0,100,,1341,3,,,0,100,,1338,3,,,0,100,,1345,3,,,0
800,'8d033c22-56c5-460f-aa74-cffac53817d7',600,,1369,3,,,0,100,,1355,3,,,0,100,,1365,3,,,0,100,,1352,3,,,0,100,,1366,3,,,0,30,,1356,3,,,0,70,,1362,3,,,0,30,,1370,3,,,0,70,,1363,3,,,0,30,,1376,3,,,0,70,,1353,3,,,0,30,,1375,3,,,0,70,,1357,3,,,0,30,,1364,3,,,0,70,,1373,3,,,0,30,,1361,3,,,0,70,,1374,3,,,0,30,,1367,3,,,0,70,,1351,3,,,0,30,,1360,3,,,0,70,,1368,3,,,0,100,,1358,3,,,0,100,,1372,3,,,0,100,,1359,3,,,0,100,,1371,3,,,0,100,,1354,3,,,0
800,'af66423d-6b82-4070-a66d-7fd5455f4ee0',600,,1377,3,,,0,100,,1388,3,,,0,100,,1378,3,,,0,100,,1383,3,,,0,100,,1382,3,,,0,100,,1394,3,,,0,100,,1380,3,,,0,100,,1390,3,,,0,100,,1381,3,,,0,100,,1379,3,,,0,100,,1392,3,,,0,100,,1391,3,,,0,100,,1386,3,,,0,100,,1387,3,,,0,100,,1389,3,,,0,100,,1385,3,,,0,100,,1384,3,,,0,100,,1393,3,,,0
800,'ccbf4b4f-97af-4307-91ea-d9053fc08e17',900,,1398,3,,,0,100,,1396,3,,,0,100,,1404,3,,,0,100,,1403,3,,,0,100,,1400,3,,,0,100,,1402,3,,,0,100,,1397,3,,,0,100,,1399,3,,,0,100,,1401,3,,,0,100,,1395,3,,,0
800,'e8ef8160-ae13-4ecf-849b-1dc14c9e1cc7',900,,1407,3,,,0,100,,1409,3,,,0,100,,1413,3,,,0,100,,1410,3,,,0,100,,1412,3,,,0,100,,1406,3,,,0,100,,1405,3,,,0,100,,1414,3,,,0,100,,1411,3,,,0,100,,1408,3,,,0
