800,'0ca7a4e8-8deb-447f-af95-efcb11d44b49',604,,1297,17,,,0,100,,1310,17,,,0,100,,1299,17,,,0,100,,1319,17,,,0,100,,1320,17,,,0,30,,1316,17,,,0,70,,1303,17,,,0,30,,1304,17,,,0,70,,1318,17,,,0,30,,1298,17,,,0,70,,1317,17,,,0,30,,1300,17,,,0,70,,1311,17,,,0,30,,1307,17,,,0,70,,1321,17,,,0,30,,1306,17,,,0,70,,1301,17,,,0,30,,1312,17,,,0,70,,1302,17,,,0,30,,1308,17,,,0,70,,1322,17,,,0,100,,1314,17,,,0,100,,1305,17,,,0,100,,1315,17,,,0,100,,1313,17,,,0,100,,1309,17,,,0
800,'2c0118e0-aa39-4d23-8fdf-0ad2ee311f15',904,,1329,17,,,0,100,,1328,17,,,0,100,,1327,17,,,0,100,,1325,17,,,0,100,,1326,17,,,0,100,,1324,17,,,0,100,,1323,17,,,0,100,,1331,17,,,0,100,,1330,17,,,0,100,,1332,17,,,0
800,'54965835-d4b5-43a4-a454-864d26728dd3',604,,1343,17,,,0,100,,1334,17,,,0,100,,1350,17,,,0,100,,1337,17,,,0,100,,1335,17,,,0,100,,1342,17,,,0,100,,1349,17,,,0,100,,1340,17,,,0,100,,1346,17,,,0,100,,1333,17,,,0,100,,1347,17,,,0,100,,1348,17,,,0,100,,1339,17,,,0,100,,1344,17,,,0,100,,1336,17,,,0,100,,1341,17,,,0,100,,1338,17,,,0,100,,1345,17,,,0
800,'8d033c22-56c5-460f-aa74-cffac53817d7',604,,1369,17,,,0,100,,1355,17,,,0,100,,1365,17,,,0,100,,1352,17,,,0,100,,1366,17,,,0,30,,1356,17,,,0,70,,1362,17,,,0,30,,1370,17,,,0,70,,1363,17,,,0,30,,1376,17,,,0,70,,1353,17,,,0,30,,1375,17,,,0,70,,1357,17,,,0,30,,1364,17,,,0,70,,1373,17,,,0,30,,1361,17,,,0,70,,1374,17,,,0,30,,1367,17,,,0,70,,1351,17,,,0,30,,1360,17,,,0,70,,1368,17,,,0,100,,1358,17,,,0,100,,1372,17,,,0,100,,1359,17,,,0,100,,1371,17,,,0,100,,1354,17,,,0
800,'af66423d-6b82-4070-a66d-7fd5455f4ee0',604,,1377,17,,,0,100,,1388,17,,,0,100,,1378,17,,,0,100,,1383,17,,,0,100,,1382,17,,,0,100,,1394,17,,,0,100,,1380,17,,,0,100,,1390,17,,,0,100,,1381,17,,,0,100,,1379,17,,,0,100,,1392,17,,,0,100,,1391,17,,,0,100,,1386,17,,,0,100,,1387,17,,,0,100,,1389,17,,,0,100,,1385,17,,,0,100,,1384,17,,,0,100,,1393,17,,,0
800,'ccbf4b4f-97af-4307-91ea-d9053fc08e17',904,,1398,17,,,0,100,,1396,17,,,0,100,,1404,17,,,0,100,,1403,17,,,0,100,,1400,17,,,0,100,,1402,17,,,0,100,,1397,17,,,0,100,,1399,17,,,0,100,,1401,17,,,0,100,,1395,17,,,0
800,'e8ef8160-ae13-4ecf-849b-1dc14c9e1cc7',904,,1407,17,,,0,100,,1409,17,,,0,100,,1413,17,,,0,100,,1410,17,,,0,100,,1412,17,,,0,100,,1406,17,,,0,100,,1405,17,,,0,100,,1414,17,,,0,100,,1411,17,,,0,100,,1408,17,,,0
2200,'0ca7a4e8-8deb-447f-af95-efcb11d44b49',604,,1846,33,,,0,30,,1829,33,,,0,70,,1819,33,,,0,30,,1824,33,,,0,70,,1842,33,,,0,30,,1830,33,,,0,70,,1822,33,,,0,30,,1843,33,,,0,70,,1839,33,,,0,30,,1820,33,,,0,70,,1826,33,,,0,30,,1835,33,,,0,70,,1818,33,,,0,30,,1836,33,,,0,70,,1833,33,,,0,30,,1817,33,,,0,70,,1821,33,,,0,30,,1823,33,,,0,70,,1840,33,,,0,30,,1834,33,,,0,70,,1828,33,,,0,30,,1837,33,,,0,70,,1827,33,,,0,30,,1838,33,,,0,70,,1841,33,,,0,100,,1844,33,,,0,100,,1825,33,,,0,100,,1831,33,,,0,100,,1832,33,,,0,100,,1845,33,,,0
2200,'2c0118e0-aa39-4d23-8fdf-0ad2ee311f15',904,,1847,33,,,0,100,,1849,33,,,0,100,,1856,33,,,0,100,,1854,33,,,0,100,,1853,33,,,0,100,,1855,33,,,0,100,,1851,33,,,0,100,,1850,33,,,0,100,,1852,33,,,0,100,,1848,33,,,0
2200,'54965835-d4b5-43a4-a454-864d26728dd3',604,,1859,33,,,0,100,,1876,33,,,0,100,,1870,33,,,0,100,,1879,33,,,0,100,,1863,33,,,0,30,,1877,33,,,0,70,,1881,33,,,0,30,,1864,33,,,0,70,,1867,33,,,0,30,,1880,33,,,0,70,,1869,33,,,0,30,,1882,33,,,0,70,,1874,33,,,0,30,,1860,33,,,0,70,,1857,33,,,0,30,,1868,33,,,0,70,,1861,33,,,0,30,,1871,33,,,0,70,,1858,33,,,0,30,,1873,33,,,0,70,,1878,33,,,0,100,,1862,33,,,0,100,,1872,33,,,0,100,,1866,33,,,0,100,,1875,33,,,0,100,,1865,33,,,0
2200,'8d033c22-56c5-460f-aa74-cffac53817d7',604,,1908,33,,,0,30,,1910,33,,,0,70,,1912,33,,,0,30,,1899,33,,,0,70,,1907,33,,,0,30,,1894,33,,,0,70,,1885,33,,,0,30,,1887,33,,,0,70,,1890,33,,,0,30,,1895,33,,,0,70,,1903,33,,,0,30,,1901,33,,,0,70,,1891,33,,,0,30,,1884,33,,,0,70,,1906,33,,,0,30,,1892,33,,,0,70,,1900,33,,,0,30,,1898,33,,,0,70,,1905,33,,,0,30,,1888,33,,,0,70,,1893,33,,,0,30,,1911,33,,,0,70,,1902,33,,,0,30,,1897,33,,,0,70,,1904,33,,,0,100,,1886,33,,,0,100,,1883,33,,,0,100,,1889,33,,,0,100,,1909,33,,,0,100,,1896,33,,,0
2200,'af66423d-6b82-4070-a66d-7fd5455f4ee0',604,,1938,33,,,0,100,,1916,33,,,0,100,,1932,33,,,0,100,,1937,33,,,0,100,,1933,33,,,0,30,,1924,33,,,0,70,,1922,33,,,0,30,,1920,33,,,0,70,,1913,33,,,0,30,,1923,33,,,0,70,,1915,33,,,0,30,,1935,33,,,0,70,,1934,33,,,0,30,,1930,33,,,0,70,,1929,33,,,0,30,,1921,33,,,0,70,,1936,33,,,0,30,,1931,33,,,0,70,,1918,33,,,0,30,,1927,33,,,0,70,,1917,33,,,0,100,,1926,33,,,0,100,,1919,33,,,0,100,,1925,33,,,0,100,,1928,33,,,0,100,,1914,33,,,0
2200,'ccbf4b4f-97af-4307-91ea-d9053fc08e17',904,,1945,33,,,0,100,,1948,33,,,0,100,,1944,33,,,0,100,,1940,33,,,0,100,,1941,33,,,0,100,,1942,33,,,0,100,,1943,33,,,0,100,,1947,33,,,0,100,,1939,33,,,0,100,,1946,33,,,0
2200,'e8ef8160-ae13-4ecf-849b-1dc14c9e1cc7',904,,1957,33,,,0,100,,1954,33,,,0,100,,1951,33,,,0,100,,1956,33,,,0,100,,1952,33,,,0,100,,1958,33,,,0,100,,1950,33,,,0,100,,1949,33,,,0,100,,1955,33,,,0,100,,1953,33,,,0
