500,'0ca7a4e8-8deb-447f-af95-efcb11d44b49',622,,1184,127,,,0,100,,1187,127,,,0,100,,1194,127,,,0,100,,1190,127,,,0,100,,1195,127,,,0,100,,1192,127,,,0,100,,1193,127,,,0,100,,1182,127,,,0,100,,1185,127,,,0,100,,1179,127,,,0,100,,1180,127,,,0,100,,1191,127,,,0,100,,1196,127,,,0,100,,1181,127,,,0,100,,1186,127,,,0,100,,1188,127,,,0,100,,1183,127,,,0,100,,1189,127,,,0
500,'2c0118e0-aa39-4d23-8fdf-0ad2ee311f15',922,,1205,127,,,0,100,,1200,127,,,0,100,,1198,127,,,0,100,,1206,127,,,0,100,,1202,127,,,0,100,,1199,127,,,0,100,,1203,127,,,0,100,,1197,127,,,0,100,,1201,127,,,0,100,,1204,127,,,0
500,'54965835-d4b5-43a4-a454-864d26728dd3',622,,1221,127,,,0,100,,1230,127,,,0,100,,1213,127,,,0,100,,1214,127,,,0,100,,1218,127,,,0,30,,1228,127,,,0,70,,1216,127,,,0,30,,1224,127,,,0,70,,1226,127,,,0,30,,1232,127,,,0,70,,1210,127,,,0,30,,1229,127,,,0,70,,1219,127,,,0,30,,1212,127,,,0,70,,1225,127,,,0,30,,1227,127,,,0,70,,1231,127,,,0,30,,1223,127,,,0,70,,1215,127,,,0,30,,1220,127,,,0,70,,1209,127,,,0,100,,1222,127,,,0,100,,1208,127,,,0,100,,1211,127,,,0,100,,1207,127,,,0,100,,1217,127,,,0
500,'8d033c22-56c5-460f-aa74-cffac53817d7',622,,1247,127,,,0,100,,1234,127,,,0,100,,1242,127,,,0,100,,1241,127,,,0,100,,1244,127,,,0,100,,1250,127,,,0,100,,1243,127,,,0,100,,1239,127,,,0,100,,1249,127,,,0,100,,1246,127,,,0,100,,1238,127,,,0,100,,1235,127,,,0,100,,1240,127,,,0,100,,1248,127,,,0,100,,1233,127,,,0,100,,1237,127,,,0,100,,1245,127,,,0,100,,1236,127,,,0
500,'af66423d-6b82-4070-a66d-7fd5455f4ee0',622,,1276,127,,,0,100,,1261,127,,,0,100,,1255,127,,,0,100,,1269,127,,,0,100,,1262,127,,,0,30,,1254,127,,,0,70,,1267,127,,,0,30,,1256,127,,,0,70,,1260,127,,,0,30,,1274,127,,,0,70,,1272,127,,,0,30,,1259,127,,,0,70,,1257,127,,,0,30,,1266,127,,,0,70,,1270,127,,,0,30,,1265,127,,,0,70,,1271,127,,,0,30,,1268,127,,,0,70,,1253,127,,,0,30,,1275,127,,,0,70,,1273,127,,,0,100,,1252,127,,,0,100,,1258,127,,,0,100,,1263,127,,,0,100,,1251,127,,,0,100,,1264,127,,,0
500,'ccbf4b4f-97af-4307-91ea-d9053fc08e17',922,,1282,127,,,0,100,,1277,127,,,0,100,,1281,127,,,0,100,,1286,127,,,0,100,,1279,127,,,0,100,,1285,127,,,0,100,,1284,127,,,0,100,,1278,127,,,0,100,,1280,127,,,0,100,,1283,127,,,0
500,'e8ef8160-ae13-4ecf-849b-1dc14c9e1cc7',922,,1287,127,,,0,100,,1292,127,,,0,100,,1293,127,,,0,100,,1289,127,,,0,100,,1291,127,,,0,100,,1290,127,,,0,100,,1295,127,,,0,100,,1296,127,,,0,100,,1288,127,,,0,100,,1294,127,,,0
800,'0ca7a4e8-8deb-447f-af95-efcb11d44b49',622,,1297,82,,,0,100,,1310,82,,,0,100,,1299,82,,,0,100,,1319,82,,,0,100,,1320,82,,,0,30,,1316,82,,,0,70,,1303,82,,,0,30,,1304,82,,,0,70,,1318,82,,,0,30,,1298,82,,,0,70,,1317,82,,,0,30,,1300,82,,,0,70,,1311,82,,,0,30,,1307,82,,,0,70,,1321,82,,,0,30,,1306,82,,,0,70,,1301,82,,,0,30,,1312,82,,,0,70,,1302,82,,,0,30,,1308,82,,,0,70,,1322,82,,,0,100,,1314,82,,,0,100,,1305,82,,,0,100,,1315,82,,,0,100,,1313,82,,,0,100,,1309,82,,,0
800,'2c0118e0-aa39-4d23-8fdf-0ad2ee311f15',922,,1329,82,,,0,100,,1328,82,,,0,100,,1327,82,,,0,100,,1325,82,,,0,100,,1326,82,,,0,100,,1324,82,,,0,100,,1323,82,,,0,100,,1331,82,,,0,100,,1330,82,,,0,100,,1332,82,,,0
800,'54965835-d4b5-43a4-a454-864d26728dd3',622,,1343,82,,,0,100,,1334,82,,,0,100,,1350,82,,,0,100,,1337,82,,,0,100,,1335,82,,,0,100,,1342,82,,,0,100,,1349,82,,,0,100,,1340,82,,,0,100,,1346,82,,,0,100,,1333,82,,,0,100,,1347,82,,,0,100,,1348,82,,,0,100,,1339,82,,,0,100,,1344,82,,,0,100,,1336,82,,,0,100,,1341,82,,,0,100,,1338,82,,,0,100,,1345,82,,,0
800,'8d033c22-56c5-460f-aa74-cffac53817d7',622,,1369,82,,,0,100,,1355,82,,,0,100,,1365,82,,,0,100,,1352,82,,,0,100,,1366,82,,,0,30,,1356,82,,,0,70,,1362,82,,,0,30,,1370,82,,,0,70,,1363,82,,,0,30,,1376,82,,,0,70,,1353,82,,,0,30,,1375,82,,,0,70,,1357,82,,,0,30,,1364,82,,,0,70,,1373,82,,,0,30,,1361,82,,,0,70,,1374,82,,,0,30,,1367,82,,,0,70,,1351,82,,,0,30,,1360,82,,,0,70,,1368,82,,,0,100,,1358,82,,,0,100,,1372,82,,,0,100,,1359,82,,,0,100,,1371,82,,,0,100,,1354,82,,,0
800,'af66423d-6b82-4070-a66d-7fd5455f4ee0',622,,1377,82,,,0,100,,1388,82,,,0,100,,1378,82,,,0,100,,1383,82,,,0,100,,1382,82,,,0,100,,1394,82,,,0,100,,1380,82,,,0,100,,1390,82,,,0,100,,1381,82,,,0,100,,1379,82,,,0,100,,1392,82,,,0,100,,1391,82,,,0,100,,1386,82,,,0,100,,1387,82,,,0,100,,1389,82,,,0,100,,1385,82,,,0,100,,1384,82,,,0,100,,1393,82,,,0
800,'ccbf4b4f-97af-4307-91ea-d9053fc08e17',922,,1398,82,,,0,100,,1396,82,,,0,100,,1404,82,,,0,100,,1403,82,,,0,100,,1400,82,,,0,100,,1402,82,,,0,100,,1397,82,,,0,100,,1399,82,,,0,100,,1401,82,,,0,100,,1395,82,,,0
800,'e8ef8160-ae13-4ecf-849b-1dc14c9e1cc7',923,,1407,82,,,0,100,,1409,82,,,0,100,,1413,82,,,0,100,,1410,82,,,0,100,,1412,82,,,0,100,,1406,82,,,0,100,,1405,82,,,0,100,,1414,82,,,0,100,,1411,82,,,0,100,,1408,82,,,0
2200,'0ca7a4e8-8deb-447f-af95-efcb11d44b49',624,,1846,132,,,0,30,,1829,132,,,0,70,,1819,132,,,0,30,,1824,132,,,0,70,,1842,132,,,0,30,,1830,132,,,0,70,,1822,132,,,0,30,,1843,132,,,0,70,,1839,132,,,0,30,,1820,132,,,0,70,,1826,132,,,0,30,,1835,132,,,0,70,,1818,132,,,0,30,,1836,132,,,0,70,,1833,132,,,0,30,,1817,132,,,0,70,,1821,132,,,0,30,,1823,132,,,0,70,,1840,132,,,0,30,,1834,132,,,0,70,,1828,132,,,0,30,,1837,132,,,0,70,,1827,132,,,0,30,,1838,132,,,0,70,,1841,132,,,0,100,,1844,132,,,0,100,,1825,132,,,0,100,,1831,132,,,0,100,,1832,132,,,0,100,,1845,132,,,0
2200,'2c0118e0-aa39-4d23-8fdf-0ad2ee311f15',924,,1847,132,,,0,100,,1849,132,,,0,100,,1856,132,,,0,100,,1854,132,,,0,100,,1853,132,,,0,100,,1855,132,,,0,100,,1851,132,,,0,100,,1850,132,,,0,100,,1852,132,,,0,100,,1848,132,,,0
2200,'54965835-d4b5-43a4-a454-864d26728dd3',624,,1859,132,,,0,100,,1876,132,,,0,100,,1870,132,,,0,100,,1879,132,,,0,100,,1863,132,,,0,30,,1877,132,,,0,70,,1881,132,,,0,30,,1864,132,,,0,70,,1867,132,,,0,30,,1880,132,,,0,70,,1869,132,,,0,30,,1882,132,,,0,70,,1874,132,,,0,30,,1860,132,,,0,70,,1857,132,,,0,30,,1868,132,,,0,70,,1861,132,,,0,30,,1871,132,,,0,70,,1858,132,,,0,30,,1873,132,,,0,70,,1878,132,,,0,100,,1862,132,,,0,100,,1872,132,,,0,100,,1866,132,,,0,100,,1875,132,,,0,100,,1865,132,,,0
2200,'8d033c22-56c5-460f-aa74-cffac53817d7',624,,1908,132,,,0,30,,1910,132,,,0,70,,1912,132,,,0,30,,1899,132,,,0,70,,1907,132,,,0,30,,1894,132,,,0,70,,1885,132,,,0,30,,1887,132,,,0,70,,1890,132,,,0,30,,1895,132,,,0,70,,1903,132,,,0,30,,1901,132,,,0,70,,1891,132,,,0,30,,1884,132,,,0,70,,1906,132,,,0,30,,1892,132,,,0,70,,1900,132,,,0,30,,1898,132,,,0,70,,1905,132,,,0,30,,1888,132,,,0,70,,1893,132,,,0,30,,1911,132,,,0,70,,1902,132,,,0,30,,1897,132,,,0,70,,1904,132,,,0,100,,1886,132,,,0,100,,1883,132,,,0,100,,1889,132,,,0,100,,1909,132,,,0,100,,1896,132,,,0
2200,'af66423d-6b82-4070-a66d-7fd5455f4ee0',624,,1938,132,,,0,100,,1916,132,,,0,100,,1932,132,,,0,100,,1937,132,,,0,100,,1933,132,,,0,30,,1924,132,,,0,70,,1922,132,,,0,30,,1920,132,,,0,70,,1913,132,,,0,30,,1923,132,,,0,70,,1915,132,,,0,30,,1935,132,,,0,70,,1934,132,,,0,30,,1930,132,,,0,70,,1929,132,,,0,30,,1921,132,,,0,70,,1936,132,,,0,30,,1931,132,,,0,70,,1918,132,,,0,30,,1927,132,,,0,70,,1917,132,,,0,100,,1926,132,,,0,100,,1919,132,,,0,100,,1925,132,,,0,100,,1928,132,,,0,100,,1914,132,,,0
2200,'ccbf4b4f-97af-4307-91ea-d9053fc08e17',924,,1945,132,,,0,100,,1948,132,,,0,100,,1944,132,,,0,100,,1940,132,,,0,100,,1941,132,,,0,100,,1942,132,,,0,100,,1943,132,,,0,100,,1947,132,,,0,100,,1939,132,,,0,100,,1946,132,,,0
2200,'e8ef8160-ae13-4ecf-849b-1dc14c9e1cc7',924,,1957,132,,,0,100,,1954,132,,,0,100,,1951,132,,,0,100,,1956,132,,,0,100,,1952,132,,,0,100,,1958,132,,,0,100,,1950,132,,,0,100,,1949,132,,,0,100,,1955,132,,,0,100,,1953,132,,,0
100401,'0ca7a4e8-8deb-447f-af95-efcb11d44b49',554,,2115,43,,,0
100401,'8d033c22-56c5-460f-aa74-cffac53817d7',554,,2116,43,,,0
