100100,'0ca7a4e8-8deb-447f-af95-efcb11d44b49',612,,2101,93,4,,0
100100,'8d033c22-56c5-460f-aa74-cffac53817d7',612,,2102,93,4,,0
100300,'0ca7a4e8-8deb-447f-af95-efcb11d44b49',1415,,2107,14,,,0,30,,2105,14,,,0,70,,2106,14,,,0,30,,2103,14,,,0,70,,2104,14,,,0
100300,'8d033c22-56c5-460f-aa74-cffac53817d7',1415,,2108,14,,,0,30,,2109,14,,,0,70,,2111,14,,,0,30,,2110,14,,,0,70,,2112,14,,,0
100400,'0ca7a4e8-8deb-447f-af95-efcb11d44b49',612,,2113,0,,,0,30,,2113,32,4,,0
100400,'8d033c22-56c5-460f-aa74-cffac53817d7',612,,2114,0,,,0,30,,2114,32,4,,0
100401,'0ca7a4e8-8deb-447f-af95-efcb11d44b49',612,,2115,66,4,,0
100401,'8d033c22-56c5-460f-aa74-cffac53817d7',612,,2116,66,4,,0
100800,'0ca7a4e8-8deb-447f-af95-efcb11d44b49',2401,,2117,0,,,0,99,,2117,4,4,,0
100800,'8d033c22-56c5-460f-aa74-cffac53817d7',2401,,2118,0,,,0,99,,2118,4,4,,0
100900,'0ca7a4e8-8deb-447f-af95-efcb11d44b49',2515,,2119,0,,,0
100900,'8d033c22-56c5-460f-aa74-cffac53817d7',2515,,2120,0,,,0
