500,'0462342a-9353-4cbb-9104-3a5097e2906c',620,,122,125,,,0,100,,134,125,,,0,100,,141,125,,,0,100,,142,125,,,0,100,,120,125,,,0,30,,119,125,,,0,70,,124,125,,,0,30,,139,125,,,0,70,,127,125,,,0,30,,132,125,,,0,70,,126,125,,,0,30,,144,125,,,0,70,,129,125,,,0,30,,138,125,,,0,70,,133,125,,,0,30,,130,125,,,0,70,,128,125,,,0,30,,137,125,,,0,70,,140,125,,,0,30,,135,125,,,0,70,,136,125,,,0,100,,143,125,,,0,100,,125,125,,,0,100,,131,125,,,0,100,,123,125,,,0,100,,121,125,,,0
500,'0fc92f77-a9db-4601-9469-0ad6e54f3e35',620,,159,125,,,0,100,,152,125,,,0,100,,160,125,,,0,100,,153,125,,,0,100,,161,125,,,0,100,,154,125,,,0,100,,149,125,,,0,100,,147,125,,,0,100,,148,125,,,0,100,,155,125,,,0,100,,151,125,,,0,100,,145,125,,,0,100,,157,125,,,0,100,,158,125,,,0,100,,146,125,,,0,100,,156,125,,,0,100,,150,125,,,0,100,,162,125,,,0
500,'34fccac3-20c6-4987-8415-da996ea3c060',620,,172,125,,,0,100,,163,125,,,0,100,,166,125,,,0,100,,174,125,,,0,100,,173,125,,,0,100,,164,125,,,0,100,,169,125,,,0,100,,175,125,,,0,100,,167,125,,,0,100,,178,125,,,0,100,,171,125,,,0,100,,177,125,,,0,100,,180,125,,,0,100,,176,125,,,0,100,,168,125,,,0,100,,165,125,,,0,100,,179,125,,,0,100,,170,125,,,0
500,'3b66bbc4-5a16-4173-841c-859a7a71bbe4',920,,183,125,,,0,100,,190,125,,,0,100,,181,125,,,0,100,,186,125,,,0,100,,184,125,,,0,100,,188,125,,,0,100,,185,125,,,0,100,,187,125,,,0,100,,182,125,,,0,100,,189,125,,,0
500,'ac10e216-39b9-48ed-bbcc-647ae9ece7ef',620,,195,125,,,0,100,,208,125,,,0,100,,207,125,,,0,100,,197,125,,,0,100,,216,125,,,0,30,,209,125,,,0,70,,204,125,,,0,30,,215,125,,,0,70,,198,125,,,0,30,,194,125,,,0,70,,193,125,,,0,30,,206,125,,,0,70,,213,125,,,0,30,,201,125,,,0,70,,214,125,,,0,30,,203,125,,,0,70,,192,125,,,0,30,,202,125,,,0,70,,196,125,,,0,30,,212,125,,,0,70,,199,125,,,0,100,,211,125,,,0,100,,191,125,,,0,100,,200,125,,,0,100,,210,125,,,0,100,,205,125,,,0
500,'f1732c01-0adc-4784-a0f8-928364ee839f',920,,224,125,,,0,100,,218,125,,,0,100,,225,125,,,0,100,,221,125,,,0,100,,222,125,,,0,100,,219,125,,,0,100,,217,125,,,0,100,,226,125,,,0,100,,223,125,,,0,100,,220,125,,,0
500,'fe92844f-135c-45c8-be8c-06da32b92991',920,,232,125,,,0,100,,236,125,,,0,100,,228,125,,,0,100,,234,125,,,0,100,,230,125,,,0,100,,235,125,,,0,100,,233,125,,,0,100,,227,125,,,0,100,,231,125,,,0,100,,229,125,,,0
800,'0462342a-9353-4cbb-9104-3a5097e2906c',621,,245,79,,,0,100,,251,79,,,0,100,,239,79,,,0,100,,242,79,,,0,100,,241,79,,,0,100,,247,79,,,0,100,,240,79,,,0,100,,238,79,,,0,100,,237,79,,,0,100,,250,79,,,0,100,,254,79,,,0,100,,243,79,,,0,100,,244,79,,,0,100,,253,79,,,0,100,,249,79,,,0,100,,246,79,,,0,100,,252,79,,,0,100,,248,79,,,0
800,'0fc92f77-a9db-4601-9469-0ad6e54f3e35',621,,256,79,,,0,100,,268,79,,,0,100,,255,79,,,0,100,,269,79,,,0,100,,261,79,,,0,30,,275,79,,,0,70,,277,79,,,0,30,,271,79,,,0,70,,273,79,,,0,30,,278,79,,,0,70,,262,79,,,0,30,,264,79,,,0,70,,263,79,,,0,30,,274,79,,,0,70,,270,79,,,0,30,,267,79,,,0,70,,258,79,,,0,30,,272,79,,,0,70,,279,79,,,0,30,,259,79,,,0,70,,260,79,,,0,100,,266,79,,,0,100,,276,79,,,0,100,,265,79,,,0,100,,257,79,,,0,100,,280,79,,,0
800,'34fccac3-20c6-4987-8415-da996ea3c060',621,,303,79,,,0,100,,297,79,,,0,100,,290,79,,,0,100,,285,79,,,0,100,,306,79,,,0,30,,296,79,,,0,70,,286,79,,,0,30,,287,79,,,0,70,,284,79,,,0,30,,299,79,,,0,70,,305,79,,,0,30,,283,79,,,0,70,,304,79,,,0,30,,288,79,,,0,70,,281,79,,,0,30,,292,79,,,0,70,,282,79,,,0,30,,300,79,,,0,70,,301,79,,,0,30,,294,79,,,0,70,,291,79,,,0,100,,295,79,,,0,100,,293,79,,,0,100,,302,79,,,0,100,,289,79,,,0,100,,298,79,,,0
800,'3b66bbc4-5a16-4173-841c-859a7a71bbe4',921,,307,79,,,0,100,,308,79,,,0,100,,312,79,,,0,100,,315,79,,,0,100,,311,79,,,0,100,,316,79,,,0,100,,309,79,,,0,100,,310,79,,,0,100,,313,79,,,0,100,,314,79,,,0
800,'ac10e216-39b9-48ed-bbcc-647ae9ece7ef',621,,319,79,,,0,100,,326,79,,,0,100,,321,79,,,0,100,,334,79,,,0,100,,324,79,,,0,100,,330,79,,,0,100,,327,79,,,0,100,,318,79,,,0,100,,317,79,,,0,100,,333,79,,,0,100,,328,79,,,0,100,,329,79,,,0,100,,331,79,,,0,100,,322,79,,,0,100,,320,79,,,0,100,,325,79,,,0,100,,332,79,,,0,100,,323,79,,,0
800,'f1732c01-0adc-4784-a0f8-928364ee839f',921,,337,79,,,0,100,,338,79,,,0,100,,341,79,,,0,100,,344,79,,,0,100,,340,79,,,0,100,,343,79,,,0,100,,336,79,,,0,100,,335,79,,,0,100,,339,79,,,0,100,,342,79,,,0
800,'fe92844f-135c-45c8-be8c-06da32b92991',922,,348,79,,,0,100,,352,79,,,0,100,,350,79,,,0,100,,345,79,,,0,100,,349,79,,,0,100,,347,79,,,0,100,,346,79,,,0,100,,351,79,,,0,100,,354,79,,,0,100,,353,79,,,0
2200,'0462342a-9353-4cbb-9104-3a5097e2906c',622,,759,128,,,0,100,,771,128,,,0,100,,760,128,,,0,100,,763,128,,,0,100,,770,128,,,0,30,,762,128,,,0,70,,768,128,,,0,30,,778,128,,,0,70,,764,128,,,0,30,,781,128,,,0,70,,777,128,,,0,30,,773,128,,,0,70,,769,128,,,0,30,,761,128,,,0,70,,775,128,,,0,30,,767,128,,,0,70,,776,128,,,0,30,,780,128,,,0,70,,774,128,,,0,30,,766,128,,,0,70,,782,128,,,0,100,,779,128,,,0,100,,758,128,,,0,100,,765,128,,,0,100,,772,128,,,0,100,,757,128,,,0
2200,'0fc92f77-a9db-4601-9469-0ad6e54f3e35',622,,786,128,,,0,30,,795,128,,,0,70,,808,128,,,0,30,,807,128,,,0,70,,793,128,,,0,30,,794,128,,,0,70,,810,128,,,0,30,,791,128,,,0,70,,788,128,,,0,30,,805,128,,,0,70,,802,128,,,0,30,,792,128,,,0,70,,789,128,,,0,30,,812,128,,,0,70,,799,128,,,0,30,,798,128,,,0,70,,811,128,,,0,30,,806,128,,,0,70,,803,128,,,0,30,,783,128,,,0,70,,796,128,,,0,30,,790,128,,,0,70,,785,128,,,0,30,,804,128,,,0,70,,809,128,,,0,100,,800,128,,,0,100,,801,128,,,0,100,,797,128,,,0,100,,784,128,,,0,100,,787,128,,,0
2200,'34fccac3-20c6-4987-8415-da996ea3c060',622,,828,128,,,0,30,,831,128,,,0,70,,819,128,,,0,30,,829,128,,,0,70,,830,128,,,0,30,,834,128,,,0,70,,837,128,,,0,30,,840,128,,,0,70,,833,128,,,0,30,,816,128,,,0,70,,823,128,,,0,30,,841,128,,,0,70,,836,128,,,0,30,,820,128,,,0,70,,824,128,,,0,30,,839,128,,,0,70,,814,128,,,0,30,,842,128,,,0,70,,827,128,,,0,30,,817,128,,,0,70,,822,128,,,0,30,,818,128,,,0,70,,821,128,,,0,30,,838,128,,,0,70,,826,128,,,0,100,,813,128,,,0,100,,825,128,,,0,100,,835,128,,,0,100,,815,128,,,0,100,,832,128,,,0
2200,'3b66bbc4-5a16-4173-841c-859a7a71bbe4',922,,848,128,,,0,100,,849,128,,,0,100,,843,128,,,0,100,,845,128,,,0,100,,850,128,,,0,100,,852,128,,,0,100,,846,128,,,0,100,,847,128,,,0,100,,844,128,,,0,100,,851,128,,,0
2200,'ac10e216-39b9-48ed-bbcc-647ae9ece7ef',622,,871,128,,,0,100,,877,128,,,0,100,,878,128,,,0,100,,855,128,,,0,100,,865,128,,,0,30,,866,128,,,0,70,,867,128,,,0,30,,874,128,,,0,70,,858,128,,,0,30,,859,128,,,0,70,,864,128,,,0,30,,869,128,,,0,70,,856,128,,,0,30,,875,128,,,0,70,,868,128,,,0,30,,876,128,,,0,70,,857,128,,,0,30,,854,128,,,0,70,,861,128,,,0,30,,853,128,,,0,70,,873,128,,,0,100,,872,128,,,0,100,,862,128,,,0,100,,863,128,,,0,100,,860,128,,,0,100,,870,128,,,0
2200,'f1732c01-0adc-4784-a0f8-928364ee839f',922,,884,128,,,0,100,,882,128,,,0,100,,881,128,,,0,100,,880,128,,,0,100,,879,128,,,0,100,,886,128,,,0,100,,888,128,,,0,100,,885,128,,,0,100,,887,128,,,0,100,,883,128,,,0
2200,'fe92844f-135c-45c8-be8c-06da32b92991',922,,895,128,,,0,100,,890,128,,,0,100,,897,128,,,0,100,,891,128,,,0,100,,889,128,,,0,100,,896,128,,,0,100,,898,128,,,0,100,,893,128,,,0,100,,894,128,,,0,100,,892,128,,,0
