2300,'0462342a-9353-4cbb-9104-3a5097e2906c',605,,916,23,,,0,100,,900,23,,,0,100,,918,23,,,0,100,,904,23,,,0,100,,917,23,,,0,30,,914,23,,,0,70,,910,23,,,0,30,,921,23,,,0,70,,924,23,,,0,30,,915,23,,,0,70,,909,23,,,0,30,,908,23,,,0,70,,903,23,,,0,30,,912,23,,,0,70,,906,23,,,0,30,,902,23,,,0,70,,911,23,,,0,30,,923,23,,,0,70,,922,23,,,0,30,,920,23,,,0,70,,901,23,,,0,100,,905,23,,,0,100,,899,23,,,0,100,,913,23,,,0,100,,919,23,,,0,100,,907,23,,,0
2300,'0fc92f77-a9db-4601-9469-0ad6e54f3e35',605,,928,23,,,0,30,,927,23,,,0,70,,935,23,,,0,30,,946,23,,,0,70,,926,23,,,0,30,,933,23,,,0,70,,934,23,,,0,30,,951,23,,,0,70,,950,23,,,0,30,,939,23,,,0,70,,944,23,,,0,30,,940,23,,,0,70,,930,23,,,0,30,,949,23,,,0,70,,942,23,,,0,30,,938,23,,,0,70,,953,23,,,0,30,,932,23,,,0,70,,948,23,,,0,30,,945,23,,,0,70,,936,23,,,0,30,,937,23,,,0,70,,947,23,,,0,30,,943,23,,,0,70,,931,23,,,0,100,,952,23,,,0,100,,941,23,,,0,100,,954,23,,,0,100,,929,23,,,0,100,,925,23,,,0
2300,'34fccac3-20c6-4987-8415-da996ea3c060',605,,963,23,,,0,30,,976,23,,,0,70,,984,23,,,0,30,,983,23,,,0,70,,970,23,,,0,30,,978,23,,,0,70,,981,23,,,0,30,,959,23,,,0,70,,956,23,,,0,30,,957,23,,,0,70,,982,23,,,0,30,,958,23,,,0,70,,980,23,,,0,30,,962,23,,,0,70,,975,23,,,0,30,,961,23,,,0,70,,971,23,,,0,30,,972,23,,,0,70,,977,23,,,0,30,,967,23,,,0,70,,968,23,,,0,30,,965,23,,,0,70,,973,23,,,0,30,,955,23,,,0,70,,960,23,,,0,100,,979,23,,,0,100,,966,23,,,0,100,,974,23,,,0,100,,969,23,,,0,100,,964,23,,,0
2300,'3b66bbc4-5a16-4173-841c-859a7a71bbe4',905,,986,23,,,0,100,,985,23,,,0,100,,991,23,,,0,100,,992,23,,,0,100,,988,23,,,0,100,,989,23,,,0,100,,990,23,,,0,100,,987,23,,,0,100,,993,23,,,0,100,,994,23,,,0
2300,'ac10e216-39b9-48ed-bbcc-647ae9ece7ef',605,,1015,23,,,0,100,,1009,23,,,0,100,,1002,23,,,0,100,,1000,23,,,0,100,,1011,23,,,0,30,,1020,23,,,0,70,,1018,23,,,0,30,,1010,23,,,0,70,,1019,23,,,0,30,,1016,23,,,0,70,,1004,23,,,0,30,,1005,23,,,0,70,,1001,23,,,0,30,,998,23,,,0,70,,997,23,,,0,30,,1008,23,,,0,70,,1014,23,,,0,30,,995,23,,,0,70,,1007,23,,,0,30,,996,23,,,0,70,,1006,23,,,0,100,,1012,23,,,0,100,,1003,23,,,0,100,,1013,23,,,0,100,,1017,23,,,0,100,,999,23,,,0
2300,'f1732c01-0adc-4784-a0f8-928364ee839f',905,,1021,23,,,0,100,,1022,23,,,0,100,,1028,23,,,0,100,,1027,23,,,0,100,,1023,23,,,0,100,,1024,23,,,0,100,,1025,23,,,0,100,,1029,23,,,0,100,,1030,23,,,0,100,,1026,23,,,0
2300,'fe92844f-135c-45c8-be8c-06da32b92991',905,,1040,23,,,0,100,,1034,23,,,0,100,,1033,23,,,0,100,,1032,23,,,0,100,,1031,23,,,0,100,,1038,23,,,0,100,,1039,23,,,0,100,,1037,23,,,0,100,,1035,23,,,0,100,,1036,23,,,0
100300,'0fc92f77-a9db-4601-9469-0ad6e54f3e35',1427,,1045,22,,,0,30,,1047,22,,,0,70,,1043,22,,,0,30,,1044,22,,,0,70,,1046,22,,,0
100300,'34fccac3-20c6-4987-8415-da996ea3c060',1427,,1050,22,,,0,30,,1052,22,,,0,70,,1048,22,,,0,30,,1051,22,,,0,70,,1049,22,,,0
100400,'0fc92f77-a9db-4601-9469-0ad6e54f3e35',627,,1053,11,,,0
100400,'34fccac3-20c6-4987-8415-da996ea3c060',627,,1054,11,,,0
