1400,'0ca7a4e8-8deb-447f-af95-efcb11d44b49',630,,1430,5,,,0,100,,1431,5,,,0,100,,1419,5,,,0,100,,1421,5,,,0,100,,1432,5,,,0,100,,1422,5,,,0,100,,1420,5,,,0,100,,1427,5,,,0,100,,1425,5,,,0,100,,1429,5,,,0,100,,1418,5,,,0,100,,1428,5,,,0,100,,1415,5,,,0,100,,1416,5,,,0,100,,1426,5,,,0,100,,1417,5,,,0,100,,1423,5,,,0,100,,1424,5,,,0
1400,'2c0118e0-aa39-4d23-8fdf-0ad2ee311f15',930,,1440,5,,,0,100,,1442,5,,,0,100,,1439,5,,,0,100,,1434,5,,,0,100,,1436,5,,,0,100,,1441,5,,,0,100,,1438,5,,,0,100,,1437,5,,,0,100,,1435,5,,,0,100,,1433,5,,,0
1400,'54965835-d4b5-43a4-a454-864d26728dd3',630,,1444,5,,,0,100,,1443,5,,,0,100,,1454,5,,,0,100,,1460,5,,,0,70,,1466,5,,,0,30,,1468,5,,,0,70,,1461,5,,,0,30,,1457,5,,,0,70,,1458,5,,,0,30,,1453,5,,,0,70,,1447,5,,,0,30,,1467,5,,,0,70,,1462,5,,,0,30,,1455,5,,,0,70,,1449,5,,,0,30,,1459,5,,,0,70,,1465,5,,,0,30,,1450,5,,,0,70,,1446,5,,,0,30,,1463,5,,,0,100,,1452,5,,,0,100,,1456,5,,,0,100,,1451,5,,,0,100,,1445,5,,,0,100,,1448,5,,,0,100,,1464,5,,,0
1400,'8d033c22-56c5-460f-aa74-cffac53817d7',630,,1485,5,,,0,100,,1475,5,,,0,100,,1481,5,,,0,100,,1479,5,,,0,100,,1483,5,,,0,100,,1482,5,,,0,100,,1484,5,,,0,100,,1477,5,,,0,100,,1478,5,,,0,100,,1473,5,,,0,100,,1469,5,,,0,100,,1470,5,,,0,100,,1486,5,,,0,100,,1480,5,,,0,100,,1471,5,,,0,100,,1474,5,,,0,100,,1476,5,,,0,100,,1472,5,,,0
1400,'af66423d-6b82-4070-a66d-7fd5455f4ee0',630,,1498,5,,,0,100,,1508,5,,,0,100,,1497,5,,,0,100,,1503,5,,,0,70,,1510,5,,,0,30,,1500,5,,,0,70,,1502,5,,,0,30,,1491,5,,,0,70,,1487,5,,,0,30,,1489,5,,,0,70,,1501,5,,,0,30,,1506,5,,,0,70,,1504,5,,,0,30,,1496,5,,,0,70,,1507,5,,,0,30,,1492,5,,,0,70,,1499,5,,,0,30,,1505,5,,,0,70,,1512,5,,,0,30,,1493,5,,,0,100,,1511,5,,,0,100,,1509,5,,,0,100,,1490,5,,,0,100,,1488,5,,,0,100,,1495,5,,,0,100,,1494,5,,,0
1400,'ccbf4b4f-97af-4307-91ea-d9053fc08e17',930,,1516,5,,,0,100,,1514,5,,,0,100,,1513,5,,,0,100,,1517,5,,,0,100,,1522,5,,,0,100,,1521,5,,,0,100,,1515,5,,,0,100,,1518,5,,,0,100,,1519,5,,,0,100,,1520,5,,,0
1400,'e8ef8160-ae13-4ecf-849b-1dc14c9e1cc7',930,,1523,5,,,0,100,,1525,5,,,0,100,,1532,5,,,0,100,,1526,5,,,0,100,,1530,5,,,0,100,,1529,5,,,0,100,,1531,5,,,0,100,,1528,5,,,0,100,,1527,5,,,0,100,,1524,5,,,0
1500,'0ca7a4e8-8deb-447f-af95-efcb11d44b49',618,,1537,68,,,0,30,,1559,68,,,0,70,,1562,68,,,0,30,,1550,68,,,0,70,,1533,68,,,0,30,,1551,68,,,0,70,,1548,68,,,0,30,,1554,68,,,0,70,,1560,68,,,0,30,,1541,68,,,0,70,,1542,68,,,0,30,,1544,68,,,0,70,,1557,68,,,0,30,,1552,68,,,0,70,,1549,68,,,0,30,,1539,68,,,0,70,,1535,68,,,0,30,,1547,68,,,0,70,,1555,68,,,0,30,,1556,68,,,0,70,,1536,68,,,0,30,,1561,68,,,0,70,,1538,68,,,0,30,,1540,68,,,0,100,,1546,68,,,0,100,,1553,68,,,0,100,,1543,68,,,0,100,,1534,68,,,0,100,,1558,68,,,0,100,,1545,68,,,0
1500,'2c0118e0-aa39-4d23-8fdf-0ad2ee311f15',948,,1569,68,,,0,100,,1568,68,,,0,100,,1563,68,,,0,100,,1567,68,,,0,100,,1572,68,,,0,100,,1565,68,,,0,100,,1571,68,,,0,100,,1566,68,,,0,100,,1564,68,,,0,100,,1570,68,,,0
1500,'54965835-d4b5-43a4-a454-864d26728dd3',648,,1577,68,,,0,100,,1596,68,,,0,100,,1591,68,,,0,100,,1579,68,,,0,70,,1578,68,,,0,30,,1595,68,,,0,70,,1590,68,,,0,30,,1575,68,,,0,70,,1588,68,,,0,30,,1584,68,,,0,70,,1573,68,,,0,30,,1592,68,,,0,70,,1594,68,,,0,30,,1582,68,,,0,70,,1587,68,,,0,30,,1583,68,,,0,70,,1581,68,,,0,30,,1580,68,,,0,70,,1589,68,,,0,30,,1593,68,,,0,100,,1574,68,,,0,100,,1586,68,,,0,100,,1585,68,,,0,100,,1597,68,,,0,100,,1598,68,,,0,100,,1576,68,,,0
1500,'8d033c22-56c5-460f-aa74-cffac53817d7',618,,1617,68,,,0,30,,1615,68,,,0,70,,1611,68,,,0,30,,1602,68,,,0,70,,1612,68,,,0,30,,1609,68,,,0,70,,1626,68,,,0,30,,1605,68,,,0,70,,1628,68,,,0,30,,1622,68,,,0,70,,1619,68,,,0,30,,1624,68,,,0,70,,1610,68,,,0,30,,1616,68,,,0,70,,1620,68,,,0,30,,1607,68,,,0,70,,1600,68,,,0,30,,1608,68,,,0,70,,1599,68,,,0,30,,1623,68,,,0,70,,1606,68,,,0,30,,1618,68,,,0,70,,1613,68,,,0,30,,1604,68,,,0,100,,1625,68,,,0,100,,1614,68,,,0,100,,1603,68,,,0,100,,1627,68,,,0,100,,1621,68,,,0,100,,1601,68,,,0
1500,'af66423d-6b82-4070-a66d-7fd5455f4ee0',648,,1639,68,,,0,100,,1641,68,,,0,100,,1637,68,,,0,100,,1636,68,,,0,70,,1634,68,,,0,30,,1645,68,,,0,70,,1647,68,,,0,30,,1629,68,,,0,70,,1651,68,,,0,30,,1642,68,,,0,70,,1654,68,,,0,30,,1653,68,,,0,70,,1649,68,,,0,30,,1632,68,,,0,70,,1643,68,,,0,30,,1633,68,,,0,70,,1650,68,,,0,30,,1644,68,,,0,70,,1648,68,,,0,30,,1635,68,,,0,100,,1638,68,,,0,100,,1631,68,,,0,100,,1630,68,,,0,100,,1646,68,,,0,100,,1652,68,,,0,100,,1640,68,,,0
1500,'ccbf4b4f-97af-4307-91ea-d9053fc08e17',948,,1657,68,,,0,100,,1659,68,,,0,100,,1655,68,,,0,100,,1658,68,,,0,100,,1656,68,,,0,100,,1661,68,,,0,100,,1663,68,,,0,100,,1660,68,,,0,100,,1662,68,,,0,100,,1664,68,,,0
1500,'e8ef8160-ae13-4ecf-849b-1dc14c9e1cc7',948,,1669,68,,,0,100,,1672,68,,,0,100,,1671,68,,,0,100,,1673,68,,,0,100,,1667,68,,,0,100,,1674,68,,,0,103,,1665,68,,,0,97,,1666,68,,,0,103,,1668,68,,,0,100,,1670,68,,,0
