800,'0462342a-9353-4cbb-9104-3a5097e2906c',605,,245,20,,,0,100,,251,20,,,0,100,,239,20,,,0,100,,242,20,,,0,100,,241,20,,,0,100,,247,20,,,0,100,,240,20,,,0,100,,238,20,,,0,100,,237,20,,,0,100,,250,20,,,0,100,,254,20,,,0,100,,243,20,,,0,100,,244,20,,,0,100,,253,20,,,0,100,,249,20,,,0,100,,246,20,,,0,100,,252,20,,,0,100,,248,20,,,0
800,'0fc92f77-a9db-4601-9469-0ad6e54f3e35',605,,256,20,,,0,100,,268,20,,,0,100,,255,20,,,0,100,,269,20,,,0,100,,261,20,,,0,30,,275,20,,,0,70,,277,20,,,0,30,,271,20,,,0,70,,273,20,,,0,30,,278,20,,,0,70,,262,20,,,0,30,,264,20,,,0,70,,263,20,,,0,30,,274,20,,,0,70,,270,20,,,0,30,,267,20,,,0,70,,258,20,,,0,30,,272,20,,,0,70,,279,20,,,0,30,,259,20,,,0,70,,260,20,,,0,100,,266,20,,,0,100,,276,20,,,0,100,,265,20,,,0,100,,257,20,,,0,100,,280,20,,,0
800,'34fccac3-20c6-4987-8415-da996ea3c060',605,,303,20,,,0,100,,297,20,,,0,100,,290,20,,,0,100,,285,20,,,0,100,,306,20,,,0,30,,296,20,,,0,70,,286,20,,,0,30,,287,20,,,0,70,,284,20,,,0,30,,299,20,,,0,70,,305,20,,,0,30,,283,20,,,0,70,,304,20,,,0,30,,288,20,,,0,70,,281,20,,,0,30,,292,20,,,0,70,,282,20,,,0,30,,300,20,,,0,70,,301,20,,,0,30,,294,20,,,0,70,,291,20,,,0,100,,295,20,,,0,100,,293,20,,,0,100,,302,20,,,0,100,,289,20,,,0,100,,298,20,,,0
800,'3b66bbc4-5a16-4173-841c-859a7a71bbe4',905,,307,20,,,0,100,,308,20,,,0,100,,312,20,,,0,100,,315,20,,,0,100,,311,20,,,0,100,,316,20,,,0,100,,309,20,,,0,100,,310,20,,,0,100,,313,20,,,0,100,,314,20,,,0
800,'ac10e216-39b9-48ed-bbcc-647ae9ece7ef',605,,319,20,,,0,100,,326,20,,,0,100,,321,20,,,0,100,,334,20,,,0,100,,324,20,,,0,100,,330,20,,,0,100,,327,20,,,0,100,,318,20,,,0,100,,317,20,,,0,100,,333,20,,,0,100,,328,20,,,0,100,,329,20,,,0,100,,331,20,,,0,100,,322,20,,,0,100,,320,20,,,0,100,,325,20,,,0,100,,332,20,,,0,100,,323,20,,,0
800,'f1732c01-0adc-4784-a0f8-928364ee839f',905,,337,20,,,0,100,,338,20,,,0,100,,341,20,,,0,100,,344,20,,,0,100,,340,20,,,0,100,,343,20,,,0,100,,336,20,,,0,100,,335,20,,,0,100,,339,20,,,0,100,,342,20,,,0
800,'fe92844f-135c-45c8-be8c-06da32b92991',905,,348,20,,,0,100,,352,20,,,0,100,,350,20,,,0,100,,345,20,,,0,100,,349,20,,,0,100,,347,20,,,0,100,,346,20,,,0,100,,351,20,,,0,100,,354,20,,,0,100,,353,20,,,0
2200,'0462342a-9353-4cbb-9104-3a5097e2906c',605,,759,39,,,0,100,,771,39,,,0,100,,760,39,,,0,100,,763,39,,,0,100,,770,39,,,0,30,,762,39,,,0,70,,768,39,,,0,30,,778,39,,,0,70,,764,39,,,0,30,,781,39,,,0,70,,777,39,,,0,30,,773,39,,,0,70,,769,39,,,0,30,,761,39,,,0,70,,775,39,,,0,30,,767,39,,,0,70,,776,39,,,0,30,,780,39,,,0,70,,774,39,,,0,30,,766,39,,,0,70,,782,39,,,0,100,,779,39,,,0,100,,758,39,,,0,100,,765,39,,,0,100,,772,39,,,0,100,,757,39,,,0
2200,'0fc92f77-a9db-4601-9469-0ad6e54f3e35',605,,786,39,,,0,30,,795,39,,,0,70,,808,39,,,0,30,,807,39,,,0,70,,793,39,,,0,30,,794,39,,,0,70,,810,39,,,0,30,,791,39,,,0,70,,788,39,,,0,30,,805,39,,,0,70,,802,39,,,0,30,,792,39,,,0,70,,789,39,,,0,30,,812,39,,,0,70,,799,39,,,0,30,,798,39,,,0,70,,811,39,,,0,30,,806,39,,,0,70,,803,39,,,0,30,,783,39,,,0,70,,796,39,,,0,30,,790,39,,,0,70,,785,39,,,0,30,,804,39,,,0,70,,809,39,,,0,100,,800,39,,,0,100,,801,39,,,0,100,,797,39,,,0,100,,784,39,,,0,100,,787,39,,,0
2200,'34fccac3-20c6-4987-8415-da996ea3c060',605,,828,39,,,0,30,,831,39,,,0,70,,819,39,,,0,30,,829,39,,,0,70,,830,39,,,0,30,,834,39,,,0,70,,837,39,,,0,30,,840,39,,,0,70,,833,39,,,0,30,,816,39,,,0,70,,823,39,,,0,30,,841,39,,,0,70,,836,39,,,0,30,,820,39,,,0,70,,824,39,,,0,30,,839,39,,,0,70,,814,39,,,0,30,,842,39,,,0,70,,827,39,,,0,30,,817,39,,,0,70,,822,39,,,0,30,,818,39,,,0,70,,821,39,,,0,30,,838,39,,,0,70,,826,39,,,0,100,,813,39,,,0,100,,825,39,,,0,100,,835,39,,,0,100,,815,39,,,0,100,,832,39,,,0
2200,'3b66bbc4-5a16-4173-841c-859a7a71bbe4',905,,848,39,,,0,100,,849,39,,,0,100,,843,39,,,0,100,,845,39,,,0,100,,850,39,,,0,100,,852,39,,,0,100,,846,39,,,0,100,,847,39,,,0,100,,844,39,,,0,100,,851,39,,,0
2200,'ac10e216-39b9-48ed-bbcc-647ae9ece7ef',605,,871,39,,,0,100,,877,39,,,0,100,,878,39,,,0,100,,855,39,,,0,100,,865,39,,,0,30,,866,39,,,0,70,,867,39,,,0,30,,874,39,,,0,70,,858,39,,,0,30,,859,39,,,0,70,,864,39,,,0,30,,869,39,,,0,70,,856,39,,,0,30,,875,39,,,0,70,,868,39,,,0,30,,876,39,,,0,70,,857,39,,,0,30,,854,39,,,0,70,,861,39,,,0,30,,853,39,,,0,70,,873,39,,,0,100,,872,39,,,0,100,,862,39,,,0,100,,863,39,,,0,100,,860,39,,,0,100,,870,39,,,0
2200,'f1732c01-0adc-4784-a0f8-928364ee839f',905,,884,39,,,0,100,,882,39,,,0,100,,881,39,,,0,100,,880,39,,,0,100,,879,39,,,0,100,,886,39,,,0,100,,888,39,,,0,100,,885,39,,,0,100,,887,39,,,0,100,,883,39,,,0
2200,'fe92844f-135c-45c8-be8c-06da32b92991',905,,895,39,,,0,100,,890,39,,,0,100,,897,39,,,0,100,,891,39,,,0,100,,889,39,,,0,100,,896,39,,,0,100,,898,39,,,0,100,,893,39,,,0,100,,894,39,,,0,100,,892,39,,,0
