1400,'0462342a-9353-4cbb-9104-3a5097e2906c',644,,357,67,,,0,100,,379,67,,,0,100,,367,67,,,0,100,,380,67,,,0,70,,356,67,,,0,30,,372,67,,,0,70,,375,67,,,0,30,,378,67,,,0,70,,361,67,,,0,30,,373,67,,,0,70,,363,67,,,0,30,,362,67,,,0,70,,359,67,,,0,30,,371,67,,,0,70,,360,67,,,0,30,,370,67,,,0,70,,369,67,,,0,30,,355,67,,,0,70,,365,67,,,0,30,,366,67,,,0,100,,364,67,,,0,100,,377,67,,,0,100,,374,67,,,0,100,,368,67,,,0,100,,358,67,,,0,100,,376,67,,,0
1400,'0fc92f77-a9db-4601-9469-0ad6e54f3e35',644,,387,67,,,0,100,,386,67,,,0,100,,385,67,,,0,100,,392,67,,,0,100,,381,67,,,0,100,,388,67,,,0,100,,397,67,,,0,100,,394,67,,,0,100,,384,67,,,0,100,,382,67,,,0,100,,390,67,,,0,100,,389,67,,,0,100,,383,67,,,0,100,,396,67,,,0,100,,393,67,,,0,100,,395,67,,,0,100,,391,67,,,0,100,,398,67,,,0
1400,'34fccac3-20c6-4987-8415-da996ea3c060',644,,411,67,,,0,100,,409,67,,,0,100,,402,67,,,0,100,,407,67,,,0,100,,401,67,,,0,100,,410,67,,,0,100,,400,67,,,0,100,,412,67,,,0,100,,416,67,,,0,100,,408,67,,,0,100,,406,67,,,0,100,,404,67,,,0,100,,414,67,,,0,100,,413,67,,,0,100,,415,67,,,0,100,,399,67,,,0,100,,403,67,,,0,100,,405,67,,,0
1400,'3b66bbc4-5a16-4173-841c-859a7a71bbe4',944,,425,67,,,0,100,,419,67,,,0,100,,426,67,,,0,100,,424,67,,,0,100,,420,67,,,0,100,,421,67,,,0,100,,418,67,,,0,100,,423,67,,,0,100,,417,67,,,0,100,,422,67,,,0
1400,'ac10e216-39b9-48ed-bbcc-647ae9ece7ef',644,,446,67,,,0,100,,450,67,,,0,100,,432,67,,,0,100,,438,67,,,0,70,,447,67,,,0,30,,452,67,,,0,70,,445,67,,,0,30,,428,67,,,0,70,,431,67,,,0,30,,444,67,,,0,70,,442,67,,,0,30,,429,67,,,0,70,,437,67,,,0,30,,434,67,,,0,70,,440,67,,,0,30,,451,67,,,0,70,,439,67,,,0,30,,449,67,,,0,70,,441,67,,,0,30,,433,67,,,0,100,,436,67,,,0,100,,443,67,,,0,100,,427,67,,,0,100,,435,67,,,0,100,,448,67,,,0,100,,430,67,,,0
1400,'f1732c01-0adc-4784-a0f8-928364ee839f',944,,462,67,,,0,100,,459,67,,,0,100,,461,67,,,0,100,,456,67,,,0,100,,460,67,,,0,100,,454,67,,,0,100,,455,67,,,0,100,,453,67,,,0,100,,458,67,,,0,100,,457,67,,,0
1400,'fe92844f-135c-45c8-be8c-06da32b92991',944,,466,67,,,0,100,,463,67,,,0,100,,464,67,,,0,100,,465,67,,,0,100,,472,67,,,0,100,,467,67,,,0,100,,470,67,,,0,100,,469,67,,,0,100,,468,67,,,0,100,,471,67,,,0
2200,'0462342a-9353-4cbb-9104-3a5097e2906c',609,,759,58,,,0,100,,771,58,,,0,100,,760,58,,,0,100,,763,58,,,0,100,,770,58,,,0,30,,762,58,,,0,70,,768,58,,,0,30,,778,58,,,0,70,,764,58,,,0,30,,781,58,,,0,70,,777,58,,,0,30,,773,58,,,0,70,,769,58,,,0,30,,761,58,,,0,70,,775,58,,,0,30,,767,58,,,0,70,,776,58,,,0,30,,780,58,,,0,70,,774,58,,,0,30,,766,58,,,0,70,,782,58,,,0,100,,779,58,,,0,100,,758,58,,,0,100,,765,58,,,0,100,,772,58,,,0,100,,757,58,,,0
2200,'0fc92f77-a9db-4601-9469-0ad6e54f3e35',609,,786,58,,,0,30,,795,58,,,0,70,,808,58,,,0,30,,807,58,,,0,70,,793,58,,,0,30,,794,58,,,0,70,,810,58,,,0,30,,791,58,,,0,70,,788,58,,,0,30,,805,58,,,0,70,,802,58,,,0,30,,792,58,,,0,70,,789,58,,,0,30,,812,58,,,0,70,,799,58,,,0,30,,798,58,,,0,70,,811,58,,,0,30,,806,58,,,0,70,,803,58,,,0,30,,783,58,,,0,70,,796,58,,,0,30,,790,58,,,0,70,,785,58,,,0,30,,804,58,,,0,70,,809,58,,,0,100,,800,58,,,0,100,,801,58,,,0,100,,797,58,,,0,100,,784,58,,,0,100,,787,58,,,0
2200,'34fccac3-20c6-4987-8415-da996ea3c060',609,,828,58,,,0,30,,831,58,,,0,70,,819,58,,,0,30,,829,58,,,0,70,,830,58,,,0,30,,834,58,,,0,70,,837,58,,,0,30,,840,58,,,0,70,,833,58,,,0,30,,816,58,,,0,70,,823,58,,,0,30,,841,58,,,0,70,,836,58,,,0,30,,820,58,,,0,70,,824,58,,,0,30,,839,58,,,0,70,,814,58,,,0,30,,842,58,,,0,70,,827,58,,,0,30,,817,58,,,0,70,,822,58,,,0,30,,818,58,,,0,70,,821,58,,,0,30,,838,58,,,0,70,,826,58,,,0,100,,813,58,,,0,100,,825,58,,,0,100,,835,58,,,0,100,,815,58,,,0,100,,832,58,,,0
2200,'3b66bbc4-5a16-4173-841c-859a7a71bbe4',909,,848,58,,,0,100,,849,58,,,0,100,,843,58,,,0,100,,845,58,,,0,100,,850,58,,,0,100,,852,58,,,0,100,,846,58,,,0,100,,847,58,,,0,100,,844,58,,,0,100,,851,58,,,0
2200,'ac10e216-39b9-48ed-bbcc-647ae9ece7ef',609,,871,58,,,0,100,,877,58,,,0,100,,878,58,,,0,100,,855,58,,,0,100,,865,58,,,0,30,,866,58,,,0,70,,867,58,,,0,30,,874,58,,,0,70,,858,58,,,0,30,,859,58,,,0,70,,864,58,,,0,30,,869,58,,,0,70,,856,58,,,0,30,,875,58,,,0,70,,868,58,,,0,30,,876,58,,,0,70,,857,58,,,0,30,,854,58,,,0,70,,861,58,,,0,30,,853,58,,,0,70,,873,58,,,0,100,,872,58,,,0,100,,862,58,,,0,100,,863,58,,,0,100,,860,58,,,0,100,,870,58,,,0
2200,'f1732c01-0adc-4784-a0f8-928364ee839f',909,,884,58,,,0,100,,882,58,,,0,100,,881,58,,,0,100,,880,58,,,0,100,,879,58,,,0,100,,886,58,,,0,100,,888,58,,,0,100,,885,58,,,0,100,,887,58,,,0,100,,883,58,,,0
2200,'fe92844f-135c-45c8-be8c-06da32b92991',909,,895,58,,,0,100,,890,58,,,0,100,,897,58,,,0,100,,891,58,,,0,100,,889,58,,,0,100,,896,58,,,0,100,,898,58,,,0,100,,893,58,,,0,100,,894,58,,,0,100,,892,58,,,0
