1700,'0fc92f77-a9db-4601-9469-0ad6e54f3e35',618,,620,84,,,0,30,,621,84,,,0,70,,616,84,,,0,30,,615,84,,,0,70,,617,84,,,0,30,,618,84,,,0,70,,622,84,,,0,30,,619,84,,,0
1700,'34fccac3-20c6-4987-8415-da996ea3c060',618,,625,84,,,0,30,,630,84,,,0,70,,628,84,,,0,30,,629,84,,,0,70,,626,84,,,0,30,,624,84,,,0,70,,627,84,,,0,30,,623,84,,,0
1701,'0462342a-9353-4cbb-9104-3a5097e2906c',648,,644,85,,,0,100,,632,85,,,0,100,,656,85,,,0,100,,636,85,,,0,70,,645,85,,,0,30,,648,85,,,0,70,,653,85,,,0,30,,635,85,,,0,70,,652,85,,,0,30,,643,85,,,0,70,,631,85,,,0,30,,641,85,,,0,70,,637,85,,,0,30,,642,85,,,0,70,,633,85,,,0,30,,638,85,,,0,70,,640,85,,,0,30,,639,85,,,0,70,,654,85,,,0,30,,655,85,,,0,100,,651,85,,,0,100,,650,85,,,0,100,,647,85,,,0,100,,646,85,,,0,100,,649,85,,,0,100,,634,85,,,0
1701,'0fc92f77-a9db-4601-9469-0ad6e54f3e35',1018,,670,85,,,0,30,,668,85,,,0,70,,667,85,,,0,30,,675,85,,,0,70,,676,85,,,0,30,,669,85,,,0,70,,678,85,,,0,30,,666,85,,,0,70,,660,85,,,0,30,,664,85,,,0,70,,674,85,,,0,30,,677,85,,,0,70,,661,85,,,0,30,,658,85,,,0,70,,662,85,,,0,30,,657,85,,,0,100,,672,85,,,0,100,,659,85,,,0,100,,671,85,,,0,100,,673,85,,,0,100,,665,85,,,0,100,,663,85,,,0
1701,'34fccac3-20c6-4987-8415-da996ea3c060',1018,,700,85,,,0,30,,692,85,,,0,70,,685,85,,,0,30,,698,85,,,0,70,,684,85,,,0,30,,690,85,,,0,70,,679,85,,,0,30,,682,85,,,0,70,,680,85,,,0,30,,693,85,,,0,70,,689,85,,,0,30,,687,85,,,0,70,,683,85,,,0,30,,691,85,,,0,70,,688,85,,,0,30,,695,85,,,0,100,,694,85,,,0,100,,696,85,,,0,100,,699,85,,,0,100,,697,85,,,0,100,,681,85,,,0,100,,686,85,,,0
1701,'3b66bbc4-5a16-4173-841c-859a7a71bbe4',948,,706,85,,,0,100,,709,85,,,0,100,,707,85,,,0,100,,703,85,,,0,100,,702,85,,,0,100,,704,85,,,0,100,,701,85,,,0,100,,705,85,,,0,100,,708,85,,,0,100,,710,85,,,0
1701,'ac10e216-39b9-48ed-bbcc-647ae9ece7ef',648,,713,85,,,0,100,,731,85,,,0,100,,734,85,,,0,100,,725,85,,,0,70,,714,85,,,0,30,,715,85,,,0,70,,724,85,,,0,30,,719,85,,,0,70,,730,85,,,0,30,,723,85,,,0,70,,716,85,,,0,30,,732,85,,,0,70,,736,85,,,0,30,,727,85,,,0,70,,735,85,,,0,30,,720,85,,,0,70,,718,85,,,0,30,,728,85,,,0,70,,717,85,,,0,30,,712,85,,,0,100,,711,85,,,0,100,,721,85,,,0,100,,733,85,,,0,100,,726,85,,,0,100,,722,85,,,0,100,,729,85,,,0
1701,'f1732c01-0adc-4784-a0f8-928364ee839f',948,,739,85,,,0,100,,742,85,,,0,100,,741,85,,,0,100,,738,85,,,0,100,,745,85,,,0,100,,743,85,,,0,100,,740,85,,,0,100,,737,85,,,0,100,,746,85,,,0,100,,744,85,,,0
1701,'fe92844f-135c-45c8-be8c-06da32b92991',948,,756,85,,,0,100,,752,85,,,0,100,,748,85,,,0,100,,749,85,,,0,100,,755,85,,,0,100,,754,85,,,0,100,,747,85,,,0,100,,750,85,,,0,100,,753,85,,,0,100,,751,85,,,0
100100,'0fc92f77-a9db-4601-9469-0ad6e54f3e35',535,,1041,16,,,0
100100,'34fccac3-20c6-4987-8415-da996ea3c060',535,,1042,16,,,0
