800,'0ca7a4e8-8deb-447f-af95-efcb11d44b49',601,,1297,7,,,0,100,,1310,7,,,0,100,,1299,7,,,0,100,,1319,7,,,0,100,,1320,7,,,0,30,,1316,7,,,0,70,,1303,7,,,0,30,,1304,7,,,0,70,,1318,7,,,0,30,,1298,7,,,0,70,,1317,7,,,0,30,,1300,7,,,0,70,,1311,7,,,0,30,,1307,7,,,0,70,,1321,7,,,0,30,,1306,7,,,0,70,,1301,7,,,0,30,,1312,7,,,0,70,,1302,7,,,0,30,,1308,7,,,0,70,,1322,7,,,0,100,,1314,7,,,0,100,,1305,7,,,0,100,,1315,7,,,0,100,,1313,7,,,0,100,,1309,7,,,0
800,'2c0118e0-aa39-4d23-8fdf-0ad2ee311f15',901,,1329,7,,,0,100,,1328,7,,,0,100,,1327,7,,,0,100,,1325,7,,,0,100,,1326,7,,,0,100,,1324,7,,,0,100,,1323,7,,,0,100,,1331,7,,,0,100,,1330,7,,,0,100,,1332,7,,,0
800,'54965835-d4b5-43a4-a454-864d26728dd3',601,,1343,7,,,0,100,,1334,7,,,0,100,,1350,7,,,0,100,,1337,7,,,0,100,,1335,7,,,0,100,,1342,7,,,0,100,,1349,7,,,0,100,,1340,7,,,0,100,,1346,7,,,0,100,,1333,7,,,0,100,,1347,7,,,0,100,,1348,7,,,0,100,,1339,7,,,0,100,,1344,7,,,0,100,,1336,7,,,0,100,,1341,7,,,0,100,,1338,7,,,0,100,,1345,7,,,0
800,'8d033c22-56c5-460f-aa74-cffac53817d7',601,,1369,7,,,0,100,,1355,7,,,0,100,,1365,7,,,0,100,,1352,7,,,0,100,,1366,7,,,0,30,,1356,7,,,0,70,,1362,7,,,0,30,,1370,7,,,0,70,,1363,7,,,0,30,,1376,7,,,0,70,,1353,7,,,0,30,,1375,7,,,0,70,,1357,7,,,0,30,,1364,7,,,0,70,,1373,7,,,0,30,,1361,7,,,0,70,,1374,7,,,0,30,,1367,7,,,0,70,,1351,7,,,0,30,,1360,7,,,0,70,,1368,7,,,0,100,,1358,7,,,0,100,,1372,7,,,0,100,,1359,7,,,0,100,,1371,7,,,0,100,,1354,7,,,0
800,'af66423d-6b82-4070-a66d-7fd5455f4ee0',601,,1377,7,,,0,100,,1388,7,,,0,100,,1378,7,,,0,100,,1383,7,,,0,100,,1382,7,,,0,100,,1394,7,,,0,100,,1380,7,,,0,100,,1390,7,,,0,100,,1381,7,,,0,100,,1379,7,,,0,100,,1392,7,,,0,100,,1391,7,,,0,100,,1386,7,,,0,100,,1387,7,,,0,100,,1389,7,,,0,100,,1385,7,,,0,100,,1384,7,,,0,100,,1393,7,,,0
800,'ccbf4b4f-97af-4307-91ea-d9053fc08e17',901,,1398,7,,,0,100,,1396,7,,,0,100,,1404,7,,,0,100,,1403,7,,,0,100,,1400,7,,,0,100,,1402,7,,,0,100,,1397,7,,,0,100,,1399,7,,,0,100,,1401,7,,,0,100,,1395,7,,,0
800,'e8ef8160-ae13-4ecf-849b-1dc14c9e1cc7',901,,1407,7,,,0,100,,1409,7,,,0,100,,1413,7,,,0,100,,1410,7,,,0,100,,1412,7,,,0,100,,1406,7,,,0,100,,1405,7,,,0,100,,1414,7,,,0,100,,1411,7,,,0,100,,1408,7,,,0
1400,'0ca7a4e8-8deb-447f-af95-efcb11d44b49',632,,1430,9,,,0,100,,1431,9,,,0,100,,1419,9,,,0,100,,1421,9,,,0,100,,1432,9,,,0,100,,1422,9,,,0,100,,1420,9,,,0,100,,1427,9,,,0,100,,1425,9,,,0,100,,1429,9,,,0,100,,1418,9,,,0,100,,1428,9,,,0,100,,1415,9,,,0,100,,1416,9,,,0,100,,1426,9,,,0,100,,1417,9,,,0,100,,1423,9,,,0,100,,1424,9,,,0
1400,'2c0118e0-aa39-4d23-8fdf-0ad2ee311f15',932,,1440,9,,,0,100,,1442,9,,,0,100,,1439,9,,,0,100,,1434,9,,,0,100,,1436,9,,,0,100,,1441,9,,,0,100,,1438,9,,,0,100,,1437,9,,,0,100,,1435,9,,,0,100,,1433,9,,,0
1400,'54965835-d4b5-43a4-a454-864d26728dd3',632,,1444,9,,,0,100,,1443,9,,,0,100,,1454,9,,,0,100,,1460,9,,,0,70,,1466,9,,,0,30,,1468,9,,,0,70,,1461,9,,,0,30,,1457,9,,,0,70,,1458,9,,,0,30,,1453,9,,,0,70,,1447,9,,,0,30,,1467,9,,,0,70,,1462,9,,,0,30,,1455,9,,,0,70,,1449,9,,,0,30,,1459,9,,,0,70,,1465,9,,,0,30,,1450,9,,,0,70,,1446,9,,,0,30,,1463,9,,,0,100,,1452,9,,,0,100,,1456,9,,,0,100,,1451,9,,,0,100,,1445,9,,,0,100,,1448,9,,,0,100,,1464,9,,,0
1400,'8d033c22-56c5-460f-aa74-cffac53817d7',632,,1485,9,,,0,100,,1475,9,,,0,100,,1481,9,,,0,100,,1479,9,,,0,100,,1483,9,,,0,100,,1482,9,,,0,100,,1484,9,,,0,100,,1477,9,,,0,100,,1478,9,,,0,100,,1473,9,,,0,100,,1469,9,,,0,100,,1470,9,,,0,100,,1486,9,,,0,100,,1480,9,,,0,100,,1471,9,,,0,100,,1474,9,,,0,100,,1476,9,,,0,100,,1472,9,,,0
1400,'af66423d-6b82-4070-a66d-7fd5455f4ee0',632,,1498,9,,,0,100,,1508,9,,,0,100,,1497,9,,,0,100,,1503,9,,,0,70,,1510,9,,,0,30,,1500,9,,,0,70,,1502,9,,,0,30,,1491,9,,,0,70,,1487,9,,,0,30,,1489,9,,,0,70,,1501,9,,,0,30,,1506,9,,,0,70,,1504,9,,,0,30,,1496,9,,,0,70,,1507,9,,,0,30,,1492,9,,,0,70,,1499,9,,,0,30,,1505,9,,,0,70,,1512,9,,,0,30,,1493,9,,,0,100,,1511,9,,,0,100,,1509,9,,,0,100,,1490,9,,,0,100,,1488,9,,,0,100,,1495,9,,,0,100,,1494,9,,,0
1400,'ccbf4b4f-97af-4307-91ea-d9053fc08e17',932,,1516,9,,,0,100,,1514,9,,,0,100,,1513,9,,,0,100,,1517,9,,,0,100,,1522,9,,,0,100,,1521,9,,,0,100,,1515,9,,,0,100,,1518,9,,,0,100,,1519,9,,,0,100,,1520,9,,,0
1400,'e8ef8160-ae13-4ecf-849b-1dc14c9e1cc7',932,,1523,9,,,0,100,,1525,9,,,0,100,,1532,9,,,0,100,,1526,9,,,0,100,,1530,9,,,0,100,,1529,9,,,0,100,,1531,9,,,0,100,,1528,9,,,0,100,,1527,9,,,0,100,,1524,9,,,0
2200,'0ca7a4e8-8deb-447f-af95-efcb11d44b49',601,,1846,12,,,0,30,,1829,12,,,0,70,,1819,12,,,0,30,,1824,12,,,0,70,,1842,12,,,0,30,,1830,12,,,0,70,,1822,12,,,0,30,,1843,12,,,0,70,,1839,12,,,0,30,,1820,12,,,0,70,,1826,12,,,0,30,,1835,12,,,0,70,,1818,12,,,0,30,,1836,12,,,0,70,,1833,12,,,0,30,,1817,12,,,0,70,,1821,12,,,0,30,,1823,12,,,0,70,,1840,12,,,0,30,,1834,12,,,0,70,,1828,12,,,0,30,,1837,12,,,0,70,,1827,12,,,0,30,,1838,12,,,0,70,,1841,12,,,0,100,,1844,12,,,0,100,,1825,12,,,0,100,,1831,12,,,0,100,,1832,12,,,0,100,,1845,12,,,0
2200,'2c0118e0-aa39-4d23-8fdf-0ad2ee311f15',901,,1847,12,,,0,100,,1849,12,,,0,100,,1856,12,,,0,100,,1854,12,,,0,100,,1853,12,,,0,100,,1855,12,,,0,100,,1851,12,,,0,100,,1850,12,,,0,100,,1852,12,,,0,100,,1848,12,,,0
2200,'54965835-d4b5-43a4-a454-864d26728dd3',601,,1859,12,,,0,100,,1876,12,,,0,100,,1870,12,,,0,100,,1879,12,,,0,100,,1863,12,,,0,30,,1877,12,,,0,70,,1881,12,,,0,30,,1864,12,,,0,70,,1867,12,,,0,30,,1880,12,,,0,70,,1869,12,,,0,30,,1882,12,,,0,70,,1874,12,,,0,30,,1860,12,,,0,70,,1857,12,,,0,30,,1868,12,,,0,70,,1861,12,,,0,30,,1871,12,,,0,70,,1858,12,,,0,30,,1873,12,,,0,70,,1878,12,,,0,100,,1862,12,,,0,100,,1872,12,,,0,100,,1866,12,,,0,100,,1875,12,,,0,100,,1865,12,,,0
2200,'8d033c22-56c5-460f-aa74-cffac53817d7',601,,1908,12,,,0,30,,1910,12,,,0,70,,1912,12,,,0,30,,1899,12,,,0,70,,1907,12,,,0,30,,1894,12,,,0,70,,1885,12,,,0,30,,1887,12,,,0,70,,1890,12,,,0,30,,1895,12,,,0,70,,1903,12,,,0,30,,1901,12,,,0,70,,1891,12,,,0,30,,1884,12,,,0,70,,1906,12,,,0,30,,1892,12,,,0,70,,1900,12,,,0,30,,1898,12,,,0,70,,1905,12,,,0,30,,1888,12,,,0,70,,1893,12,,,0,30,,1911,12,,,0,70,,1902,12,,,0,30,,1897,12,,,0,70,,1904,12,,,0,100,,1886,12,,,0,100,,1883,12,,,0,100,,1889,12,,,0,100,,1909,12,,,0,100,,1896,12,,,0
2200,'af66423d-6b82-4070-a66d-7fd5455f4ee0',601,,1938,12,,,0,100,,1916,12,,,0,100,,1932,12,,,0,100,,1937,12,,,0,100,,1933,12,,,0,30,,1924,12,,,0,70,,1922,12,,,0,30,,1920,12,,,0,70,,1913,12,,,0,30,,1923,12,,,0,70,,1915,12,,,0,30,,1935,12,,,0,70,,1934,12,,,0,30,,1930,12,,,0,70,,1929,12,,,0,30,,1921,12,,,0,70,,1936,12,,,0,30,,1931,12,,,0,70,,1918,12,,,0,30,,1927,12,,,0,70,,1917,12,,,0,100,,1926,12,,,0,100,,1919,12,,,0,100,,1925,12,,,0,100,,1928,12,,,0,100,,1914,12,,,0
2200,'ccbf4b4f-97af-4307-91ea-d9053fc08e17',901,,1945,12,,,0,100,,1948,12,,,0,100,,1944,12,,,0,100,,1940,12,,,0,100,,1941,12,,,0,100,,1942,12,,,0,100,,1943,12,,,0,100,,1947,12,,,0,100,,1939,12,,,0,100,,1946,12,,,0
2200,'e8ef8160-ae13-4ecf-849b-1dc14c9e1cc7',901,,1957,12,,,0,100,,1954,12,,,0,100,,1951,12,,,0,100,,1956,12,,,0,100,,1952,12,,,0,100,,1958,12,,,0,100,,1950,12,,,0,100,,1949,12,,,0,100,,1955,12,,,0,100,,1953,12,,,0
