1400,'0462342a-9353-4cbb-9104-3a5097e2906c',631,,357,8,,,0,100,,379,8,,,0,100,,367,8,,,0,100,,380,8,,,0,70,,356,8,,,0,30,,372,8,,,0,70,,375,8,,,0,30,,378,8,,,0,70,,361,8,,,0,30,,373,8,,,0,70,,363,8,,,0,30,,362,8,,,0,70,,359,8,,,0,30,,371,8,,,0,70,,360,8,,,0,30,,370,8,,,0,70,,369,8,,,0,30,,355,8,,,0,70,,365,8,,,0,30,,366,8,,,0,100,,364,8,,,0,100,,377,8,,,0,100,,374,8,,,0,100,,368,8,,,0,100,,358,8,,,0,100,,376,8,,,0
1400,'0fc92f77-a9db-4601-9469-0ad6e54f3e35',631,,387,8,,,0,100,,386,8,,,0,100,,385,8,,,0,100,,392,8,,,0,100,,381,8,,,0,100,,388,8,,,0,100,,397,8,,,0,100,,394,8,,,0,100,,384,8,,,0,100,,382,8,,,0,100,,390,8,,,0,100,,389,8,,,0,100,,383,8,,,0,100,,396,8,,,0,100,,393,8,,,0,100,,395,8,,,0,100,,391,8,,,0,100,,398,8,,,0
1400,'34fccac3-20c6-4987-8415-da996ea3c060',631,,411,8,,,0,100,,409,8,,,0,100,,402,8,,,0,100,,407,8,,,0,100,,401,8,,,0,100,,410,8,,,0,100,,400,8,,,0,100,,412,8,,,0,100,,416,8,,,0,100,,408,8,,,0,100,,406,8,,,0,100,,404,8,,,0,100,,414,8,,,0,100,,413,8,,,0,100,,415,8,,,0,100,,399,8,,,0,100,,403,8,,,0,100,,405,8,,,0
1400,'3b66bbc4-5a16-4173-841c-859a7a71bbe4',931,,425,8,,,0,100,,419,8,,,0,100,,426,8,,,0,100,,424,8,,,0,100,,420,8,,,0,100,,421,8,,,0,100,,418,8,,,0,100,,423,8,,,0,100,,417,8,,,0,100,,422,8,,,0
1400,'ac10e216-39b9-48ed-bbcc-647ae9ece7ef',631,,446,8,,,0,100,,450,8,,,0,100,,432,8,,,0,100,,438,8,,,0,70,,447,8,,,0,30,,452,8,,,0,70,,445,8,,,0,30,,428,8,,,0,70,,431,8,,,0,30,,444,8,,,0,70,,442,8,,,0,30,,429,8,,,0,70,,437,8,,,0,30,,434,8,,,0,70,,440,8,,,0,30,,451,8,,,0,70,,439,8,,,0,30,,449,8,,,0,70,,441,8,,,0,30,,433,8,,,0,100,,436,8,,,0,100,,443,8,,,0,100,,427,8,,,0,100,,435,8,,,0,100,,448,8,,,0,100,,430,8,,,0
1400,'f1732c01-0adc-4784-a0f8-928364ee839f',931,,462,8,,,0,100,,459,8,,,0,100,,461,8,,,0,100,,456,8,,,0,100,,460,8,,,0,100,,454,8,,,0,100,,455,8,,,0,100,,453,8,,,0,100,,458,8,,,0,100,,457,8,,,0
1400,'fe92844f-135c-45c8-be8c-06da32b92991',931,,466,8,,,0,100,,463,8,,,0,100,,464,8,,,0,100,,465,8,,,0,100,,472,8,,,0,100,,467,8,,,0,100,,470,8,,,0,100,,469,8,,,0,100,,468,8,,,0,100,,471,8,,,0
1700,'0fc92f77-a9db-4601-9469-0ad6e54f3e35',601,,620,6,,,0,30,,621,6,,,0,70,,616,6,,,0,30,,615,6,,,0,70,,617,6,,,0,30,,618,6,,,0,70,,622,6,,,0,30,,619,6,,,0
1700,'34fccac3-20c6-4987-8415-da996ea3c060',601,,625,6,,,0,30,,630,6,,,0,70,,628,6,,,0,30,,629,6,,,0,70,,626,6,,,0,30,,624,6,,,0,70,,627,6,,,0,30,,623,6,,,0
1701,'0462342a-9353-4cbb-9104-3a5097e2906c',631,,644,7,,,0,100,,632,7,,,0,100,,656,7,,,0,100,,636,7,,,0,70,,645,7,,,0,30,,648,7,,,0,70,,653,7,,,0,30,,635,7,,,0,70,,652,7,,,0,30,,643,7,,,0,70,,631,7,,,0,30,,641,7,,,0,70,,637,7,,,0,30,,642,7,,,0,70,,633,7,,,0,30,,638,7,,,0,70,,640,7,,,0,30,,639,7,,,0,70,,654,7,,,0,30,,655,7,,,0,100,,651,7,,,0,100,,650,7,,,0,100,,647,7,,,0,100,,646,7,,,0,100,,649,7,,,0,100,,634,7,,,0
1701,'0fc92f77-a9db-4601-9469-0ad6e54f3e35',1001,,670,7,,,0,30,,668,7,,,0,70,,667,7,,,0,30,,675,7,,,0,70,,676,7,,,0,30,,669,7,,,0,70,,678,7,,,0,30,,666,7,,,0,70,,660,7,,,0,30,,664,7,,,0,70,,674,7,,,0,30,,677,7,,,0,70,,661,7,,,0,30,,658,7,,,0,70,,662,7,,,0,30,,657,7,,,0,100,,672,7,,,0,100,,659,7,,,0,100,,671,7,,,0,100,,673,7,,,0,100,,665,7,,,0,100,,663,7,,,0
1701,'34fccac3-20c6-4987-8415-da996ea3c060',1001,,700,7,,,0,30,,692,7,,,0,70,,685,7,,,0,30,,698,7,,,0,70,,684,7,,,0,30,,690,7,,,0,70,,679,7,,,0,30,,682,7,,,0,70,,680,7,,,0,30,,693,7,,,0,70,,689,7,,,0,30,,687,7,,,0,70,,683,7,,,0,30,,691,7,,,0,70,,688,7,,,0,30,,695,7,,,0,100,,694,7,,,0,100,,696,7,,,0,100,,699,7,,,0,100,,697,7,,,0,100,,681,7,,,0,100,,686,7,,,0
1701,'3b66bbc4-5a16-4173-841c-859a7a71bbe4',931,,706,7,,,0,100,,709,7,,,0,100,,707,7,,,0,100,,703,7,,,0,100,,702,7,,,0,100,,704,7,,,0,100,,701,7,,,0,100,,705,7,,,0,100,,708,7,,,0,100,,710,7,,,0
1701,'ac10e216-39b9-48ed-bbcc-647ae9ece7ef',631,,713,7,,,0,100,,731,7,,,0,100,,734,7,,,0,100,,725,7,,,0,70,,714,7,,,0,30,,715,7,,,0,70,,724,7,,,0,30,,719,7,,,0,70,,730,7,,,0,30,,723,7,,,0,70,,716,7,,,0,30,,732,7,,,0,70,,736,7,,,0,30,,727,7,,,0,70,,735,7,,,0,30,,720,7,,,0,70,,718,7,,,0,30,,728,7,,,0,70,,717,7,,,0,30,,712,7,,,0,100,,711,7,,,0,100,,721,7,,,0,100,,733,7,,,0,100,,726,7,,,0,100,,722,7,,,0,100,,729,7,,,0
1701,'f1732c01-0adc-4784-a0f8-928364ee839f',931,,739,7,,,0,100,,742,7,,,0,100,,741,7,,,0,100,,738,7,,,0,100,,745,7,,,0,100,,743,7,,,0,100,,740,7,,,0,100,,737,7,,,0,100,,746,7,,,0,100,,744,7,,,0
1701,'fe92844f-135c-45c8-be8c-06da32b92991',931,,756,7,,,0,100,,752,7,,,0,100,,748,7,,,0,100,,749,7,,,0,100,,755,7,,,0,100,,754,7,,,0,100,,747,7,,,0,100,,750,7,,,0,100,,753,7,,,0,100,,751,7,,,0
2200,'0462342a-9353-4cbb-9104-3a5097e2906c',601,,759,10,,,0,100,,771,10,,,0,100,,760,10,,,0,100,,763,10,,,0,100,,770,10,,,0,30,,762,10,,,0,70,,768,10,,,0,30,,778,10,,,0,70,,764,10,,,0,30,,781,10,,,0,70,,777,10,,,0,30,,773,10,,,0,70,,769,10,,,0,30,,761,10,,,0,70,,775,10,,,0,30,,767,10,,,0,70,,776,10,,,0,30,,780,10,,,0,70,,774,10,,,0,30,,766,10,,,0,70,,782,10,,,0,100,,779,10,,,0,100,,758,10,,,0,100,,765,10,,,0,100,,772,10,,,0,100,,757,10,,,0
2200,'0fc92f77-a9db-4601-9469-0ad6e54f3e35',601,,786,10,,,0,30,,795,10,,,0,70,,808,10,,,0,30,,807,10,,,0,70,,793,10,,,0,30,,794,10,,,0,70,,810,10,,,0,30,,791,10,,,0,70,,788,10,,,0,30,,805,10,,,0,70,,802,10,,,0,30,,792,10,,,0,70,,789,10,,,0,30,,812,10,,,0,70,,799,10,,,0,30,,798,10,,,0,70,,811,10,,,0,30,,806,10,,,0,70,,803,10,,,0,30,,783,10,,,0,70,,796,10,,,0,30,,790,10,,,0,70,,785,10,,,0,30,,804,10,,,0,70,,809,10,,,0,100,,800,10,,,0,100,,801,10,,,0,100,,797,10,,,0,100,,784,10,,,0,100,,787,10,,,0
2200,'34fccac3-20c6-4987-8415-da996ea3c060',601,,828,10,,,0,30,,831,10,,,0,70,,819,10,,,0,30,,829,10,,,0,70,,830,10,,,0,30,,834,10,,,0,70,,837,10,,,0,30,,840,10,,,0,70,,833,10,,,0,30,,816,10,,,0,70,,823,10,,,0,30,,841,10,,,0,70,,836,10,,,0,30,,820,10,,,0,70,,824,10,,,0,30,,839,10,,,0,70,,814,10,,,0,30,,842,10,,,0,70,,827,10,,,0,30,,817,10,,,0,70,,822,10,,,0,30,,818,10,,,0,70,,821,10,,,0,30,,838,10,,,0,70,,826,10,,,0,100,,813,10,,,0,100,,825,10,,,0,100,,835,10,,,0,100,,815,10,,,0,100,,832,10,,,0
2200,'3b66bbc4-5a16-4173-841c-859a7a71bbe4',901,,848,10,,,0,100,,849,10,,,0,100,,843,10,,,0,100,,845,10,,,0,100,,850,10,,,0,100,,852,10,,,0,100,,846,10,,,0,100,,847,10,,,0,100,,844,10,,,0,100,,851,10,,,0
2200,'ac10e216-39b9-48ed-bbcc-647ae9ece7ef',601,,871,10,,,0,100,,877,10,,,0,100,,878,10,,,0,100,,855,10,,,0,100,,865,10,,,0,30,,866,10,,,0,70,,867,10,,,0,30,,874,10,,,0,70,,858,10,,,0,30,,859,10,,,0,70,,864,10,,,0,30,,869,10,,,0,70,,856,10,,,0,30,,875,10,,,0,70,,868,10,,,0,30,,876,10,,,0,70,,857,10,,,0,30,,854,10,,,0,70,,861,10,,,0,30,,853,10,,,0,70,,873,10,,,0,100,,872,10,,,0,100,,862,10,,,0,100,,863,10,,,0,100,,860,10,,,0,100,,870,10,,,0
2200,'f1732c01-0adc-4784-a0f8-928364ee839f',901,,884,10,,,0,100,,882,10,,,0,100,,881,10,,,0,100,,880,10,,,0,100,,879,10,,,0,100,,886,10,,,0,100,,888,10,,,0,100,,885,10,,,0,100,,887,10,,,0,100,,883,10,,,0
2200,'fe92844f-135c-45c8-be8c-06da32b92991',901,,895,10,,,0,100,,890,10,,,0,100,,897,10,,,0,100,,891,10,,,0,100,,889,10,,,0,100,,896,10,,,0,100,,898,10,,,0,100,,893,10,,,0,100,,894,10,,,0,100,,892,10,,,0
