500,'0462342a-9353-4cbb-9104-3a5097e2906c',620,,122,122,,,0,100,,134,122,,,0,100,,141,122,,,0,100,,142,122,,,0,100,,120,122,,,0,30,,119,122,,,0,70,,124,122,,,0,30,,139,122,,,0,70,,127,122,,,0,30,,132,122,,,0,70,,126,122,,,0,30,,144,122,,,0,70,,129,122,,,0,30,,138,122,,,0,70,,133,122,,,0,30,,130,122,,,0,70,,128,122,,,0,30,,137,122,,,0,70,,140,122,,,0,30,,135,122,,,0,70,,136,122,,,0,100,,143,122,,,0,100,,125,122,,,0,100,,131,122,,,0,100,,123,122,,,0,100,,121,122,,,0
500,'0fc92f77-a9db-4601-9469-0ad6e54f3e35',620,,159,122,,,0,100,,152,122,,,0,100,,160,122,,,0,100,,153,122,,,0,100,,161,122,,,0,100,,154,122,,,0,100,,149,122,,,0,100,,147,122,,,0,100,,148,122,,,0,100,,155,122,,,0,100,,151,122,,,0,100,,145,122,,,0,100,,157,122,,,0,100,,158,122,,,0,100,,146,122,,,0,100,,156,122,,,0,100,,150,122,,,0,100,,162,122,,,0
500,'34fccac3-20c6-4987-8415-da996ea3c060',620,,172,122,,,0,100,,163,122,,,0,100,,166,122,,,0,100,,174,122,,,0,100,,173,122,,,0,100,,164,122,,,0,100,,169,122,,,0,100,,175,122,,,0,100,,167,122,,,0,100,,178,122,,,0,100,,171,122,,,0,100,,177,122,,,0,100,,180,122,,,0,100,,176,122,,,0,100,,168,122,,,0,100,,165,122,,,0,100,,179,122,,,0,100,,170,122,,,0
500,'3b66bbc4-5a16-4173-841c-859a7a71bbe4',920,,183,122,,,0,100,,190,122,,,0,100,,181,122,,,0,100,,186,122,,,0,100,,184,122,,,0,100,,188,122,,,0,100,,185,122,,,0,100,,187,122,,,0,100,,182,122,,,0,100,,189,122,,,0
500,'ac10e216-39b9-48ed-bbcc-647ae9ece7ef',620,,195,122,,,0,100,,208,122,,,0,100,,207,122,,,0,100,,197,122,,,0,100,,216,122,,,0,30,,209,122,,,0,70,,204,122,,,0,30,,215,122,,,0,70,,198,122,,,0,30,,194,122,,,0,70,,193,122,,,0,30,,206,122,,,0,70,,213,122,,,0,30,,201,122,,,0,70,,214,122,,,0,30,,203,122,,,0,70,,192,122,,,0,30,,202,122,,,0,70,,196,122,,,0,30,,212,122,,,0,70,,199,122,,,0,100,,211,122,,,0,100,,191,122,,,0,100,,200,122,,,0,100,,210,122,,,0,100,,205,122,,,0
500,'f1732c01-0adc-4784-a0f8-928364ee839f',920,,224,122,,,0,100,,218,122,,,0,100,,225,122,,,0,100,,221,122,,,0,100,,222,122,,,0,100,,219,122,,,0,100,,217,122,,,0,100,,226,122,,,0,100,,223,122,,,0,100,,220,122,,,0
500,'fe92844f-135c-45c8-be8c-06da32b92991',920,,232,122,,,0,100,,236,122,,,0,100,,228,122,,,0,100,,234,122,,,0,100,,230,122,,,0,100,,235,122,,,0,100,,233,122,,,0,100,,227,122,,,0,100,,231,122,,,0,100,,229,122,,,0
800,'0462342a-9353-4cbb-9104-3a5097e2906c',620,,245,77,,,0,100,,251,77,,,0,100,,239,77,,,0,100,,242,77,,,0,100,,241,77,,,0,100,,247,77,,,0,100,,240,77,,,0,100,,238,77,,,0,100,,237,77,,,0,100,,250,77,,,0,100,,254,77,,,0,100,,243,77,,,0,100,,244,77,,,0,100,,253,77,,,0,100,,249,77,,,0,100,,246,77,,,0,100,,252,77,,,0,100,,248,77,,,0
800,'0fc92f77-a9db-4601-9469-0ad6e54f3e35',620,,256,77,,,0,100,,268,77,,,0,100,,255,77,,,0,100,,269,77,,,0,100,,261,77,,,0,30,,275,77,,,0,70,,277,77,,,0,30,,271,77,,,0,70,,273,77,,,0,30,,278,77,,,0,70,,262,77,,,0,30,,264,77,,,0,70,,263,77,,,0,30,,274,77,,,0,70,,270,77,,,0,30,,267,77,,,0,70,,258,77,,,0,30,,272,77,,,0,70,,279,77,,,0,30,,259,77,,,0,70,,260,77,,,0,100,,266,77,,,0,100,,276,77,,,0,100,,265,77,,,0,100,,257,77,,,0,100,,280,77,,,0
800,'34fccac3-20c6-4987-8415-da996ea3c060',620,,303,77,,,0,100,,297,77,,,0,100,,290,77,,,0,100,,285,77,,,0,100,,306,77,,,0,30,,296,77,,,0,70,,286,77,,,0,30,,287,77,,,0,70,,284,77,,,0,30,,299,77,,,0,70,,305,77,,,0,30,,283,77,,,0,70,,304,77,,,0,30,,288,77,,,0,70,,281,77,,,0,30,,292,77,,,0,70,,282,77,,,0,30,,300,77,,,0,70,,301,77,,,0,30,,294,77,,,0,70,,291,77,,,0,100,,295,77,,,0,100,,293,77,,,0,100,,302,77,,,0,100,,289,77,,,0,100,,298,77,,,0
800,'3b66bbc4-5a16-4173-841c-859a7a71bbe4',920,,307,77,,,0,100,,308,77,,,0,100,,312,77,,,0,100,,315,77,,,0,100,,311,77,,,0,100,,316,77,,,0,100,,309,77,,,0,100,,310,77,,,0,100,,313,77,,,0,100,,314,77,,,0
800,'ac10e216-39b9-48ed-bbcc-647ae9ece7ef',620,,319,77,,,0,100,,326,77,,,0,100,,321,77,,,0,100,,334,77,,,0,100,,324,77,,,0,100,,330,77,,,0,100,,327,77,,,0,100,,318,77,,,0,100,,317,77,,,0,100,,333,77,,,0,100,,328,77,,,0,100,,329,77,,,0,100,,331,77,,,0,100,,322,77,,,0,100,,320,77,,,0,100,,325,77,,,0,100,,332,77,,,0,100,,323,77,,,0
800,'f1732c01-0adc-4784-a0f8-928364ee839f',920,,337,77,,,0,100,,338,77,,,0,100,,341,77,,,0,100,,344,77,,,0,100,,340,77,,,0,100,,343,77,,,0,100,,336,77,,,0,100,,335,77,,,0,100,,339,77,,,0,100,,342,77,,,0
800,'fe92844f-135c-45c8-be8c-06da32b92991',921,,348,77,,,0,100,,352,77,,,0,100,,350,77,,,0,100,,345,77,,,0,100,,349,77,,,0,100,,347,77,,,0,100,,346,77,,,0,100,,351,77,,,0,100,,354,77,,,0,100,,353,77,,,0
2200,'0462342a-9353-4cbb-9104-3a5097e2906c',621,,759,126,,,0,100,,771,126,,,0,100,,760,126,,,0,100,,763,126,,,0,100,,770,126,,,0,30,,762,126,,,0,70,,768,126,,,0,30,,778,126,,,0,70,,764,126,,,0,30,,781,126,,,0,70,,777,126,,,0,30,,773,126,,,0,70,,769,126,,,0,30,,761,126,,,0,70,,775,126,,,0,30,,767,126,,,0,70,,776,126,,,0,30,,780,126,,,0,70,,774,126,,,0,30,,766,126,,,0,70,,782,126,,,0,100,,779,126,,,0,100,,758,126,,,0,100,,765,126,,,0,100,,772,126,,,0,100,,757,126,,,0
2200,'0fc92f77-a9db-4601-9469-0ad6e54f3e35',621,,786,126,,,0,30,,795,126,,,0,70,,808,126,,,0,30,,807,126,,,0,70,,793,126,,,0,30,,794,126,,,0,70,,810,126,,,0,30,,791,126,,,0,70,,788,126,,,0,30,,805,126,,,0,70,,802,126,,,0,30,,792,126,,,0,70,,789,126,,,0,30,,812,126,,,0,70,,799,126,,,0,30,,798,126,,,0,70,,811,126,,,0,30,,806,126,,,0,70,,803,126,,,0,30,,783,126,,,0,70,,796,126,,,0,30,,790,126,,,0,70,,785,126,,,0,30,,804,126,,,0,70,,809,126,,,0,100,,800,126,,,0,100,,801,126,,,0,100,,797,126,,,0,100,,784,126,,,0,100,,787,126,,,0
2200,'34fccac3-20c6-4987-8415-da996ea3c060',621,,828,126,,,0,30,,831,126,,,0,70,,819,126,,,0,30,,829,126,,,0,70,,830,126,,,0,30,,834,126,,,0,70,,837,126,,,0,30,,840,126,,,0,70,,833,126,,,0,30,,816,126,,,0,70,,823,126,,,0,30,,841,126,,,0,70,,836,126,,,0,30,,820,126,,,0,70,,824,126,,,0,30,,839,126,,,0,70,,814,126,,,0,30,,842,126,,,0,70,,827,126,,,0,30,,817,126,,,0,70,,822,126,,,0,30,,818,126,,,0,70,,821,126,,,0,30,,838,126,,,0,70,,826,126,,,0,100,,813,126,,,0,100,,825,126,,,0,100,,835,126,,,0,100,,815,126,,,0,100,,832,126,,,0
2200,'3b66bbc4-5a16-4173-841c-859a7a71bbe4',921,,848,126,,,0,100,,849,126,,,0,100,,843,126,,,0,100,,845,126,,,0,100,,850,126,,,0,100,,852,126,,,0,100,,846,126,,,0,100,,847,126,,,0,100,,844,126,,,0,100,,851,126,,,0
2200,'ac10e216-39b9-48ed-bbcc-647ae9ece7ef',621,,871,126,,,0,100,,877,126,,,0,100,,878,126,,,0,100,,855,126,,,0,100,,865,126,,,0,30,,866,126,,,0,70,,867,126,,,0,30,,874,126,,,0,70,,858,126,,,0,30,,859,126,,,0,70,,864,126,,,0,30,,869,126,,,0,70,,856,126,,,0,30,,875,126,,,0,70,,868,126,,,0,30,,876,126,,,0,70,,857,126,,,0,30,,854,126,,,0,70,,861,126,,,0,30,,853,126,,,0,70,,873,126,,,0,100,,872,126,,,0,100,,862,126,,,0,100,,863,126,,,0,100,,860,126,,,0,100,,870,126,,,0
2200,'f1732c01-0adc-4784-a0f8-928364ee839f',921,,884,126,,,0,100,,882,126,,,0,100,,881,126,,,0,100,,880,126,,,0,100,,879,126,,,0,100,,886,126,,,0,100,,888,126,,,0,100,,885,126,,,0,100,,887,126,,,0,100,,883,126,,,0
2200,'fe92844f-135c-45c8-be8c-06da32b92991',921,,895,126,,,0,100,,890,126,,,0,100,,897,126,,,0,100,,891,126,,,0,100,,889,126,,,0,100,,896,126,,,0,100,,898,126,,,0,100,,893,126,,,0,100,,894,126,,,0,100,,892,126,,,0
