1500,'0ca7a4e8-8deb-447f-af95-efcb11d44b49',617,,1537,66,,,0,30,,1559,66,,,0,70,,1562,66,,,0,30,,1550,66,,,0,70,,1533,66,,,0,30,,1551,66,,,0,70,,1548,66,,,0,30,,1554,66,,,0,70,,1560,66,,,0,30,,1541,66,,,0,70,,1542,66,,,0,30,,1544,66,,,0,70,,1557,66,,,0,30,,1552,66,,,0,70,,1549,66,,,0,30,,1539,66,,,0,70,,1535,66,,,0,30,,1547,66,,,0,70,,1555,66,,,0,30,,1556,66,,,0,70,,1536,66,,,0,30,,1561,66,,,0,70,,1538,66,,,0,30,,1540,66,,,0,100,,1546,66,,,0,100,,1553,66,,,0,100,,1543,66,,,0,100,,1534,66,,,0,100,,1558,66,,,0,100,,1545,66,,,0
1500,'2c0118e0-aa39-4d23-8fdf-0ad2ee311f15',947,,1569,66,,,0,100,,1568,66,,,0,100,,1563,66,,,0,100,,1567,66,,,0,100,,1572,66,,,0,100,,1565,66,,,0,100,,1571,66,,,0,100,,1566,66,,,0,100,,1564,66,,,0,100,,1570,66,,,0
1500,'54965835-d4b5-43a4-a454-864d26728dd3',647,,1577,66,,,0,100,,1596,66,,,0,100,,1591,66,,,0,100,,1579,66,,,0,70,,1578,66,,,0,30,,1595,66,,,0,70,,1590,66,,,0,30,,1575,66,,,0,70,,1588,66,,,0,30,,1584,66,,,0,70,,1573,66,,,0,30,,1592,66,,,0,70,,1594,66,,,0,30,,1582,66,,,0,70,,1587,66,,,0,30,,1583,66,,,0,70,,1581,66,,,0,30,,1580,66,,,0,70,,1589,66,,,0,30,,1593,66,,,0,100,,1574,66,,,0,100,,1586,66,,,0,100,,1585,66,,,0,100,,1597,66,,,0,100,,1598,66,,,0,100,,1576,66,,,0
1500,'8d033c22-56c5-460f-aa74-cffac53817d7',617,,1617,66,,,0,30,,1615,66,,,0,70,,1611,66,,,0,30,,1602,66,,,0,70,,1612,66,,,0,30,,1609,66,,,0,70,,1626,66,,,0,30,,1605,66,,,0,70,,1628,66,,,0,30,,1622,66,,,0,70,,1619,66,,,0,30,,1624,66,,,0,70,,1610,66,,,0,30,,1616,66,,,0,70,,1620,66,,,0,30,,1607,66,,,0,70,,1600,66,,,0,30,,1608,66,,,0,70,,1599,66,,,0,30,,1623,66,,,0,70,,1606,66,,,0,30,,1618,66,,,0,70,,1613,66,,,0,30,,1604,66,,,0,100,,1625,66,,,0,100,,1614,66,,,0,100,,1603,66,,,0,100,,1627,66,,,0,100,,1621,66,,,0,100,,1601,66,,,0
1500,'af66423d-6b82-4070-a66d-7fd5455f4ee0',647,,1639,66,,,0,100,,1641,66,,,0,100,,1637,66,,,0,100,,1636,66,,,0,70,,1634,66,,,0,30,,1645,66,,,0,70,,1647,66,,,0,30,,1629,66,,,0,70,,1651,66,,,0,30,,1642,66,,,0,70,,1654,66,,,0,30,,1653,66,,,0,70,,1649,66,,,0,30,,1632,66,,,0,70,,1643,66,,,0,30,,1633,66,,,0,70,,1650,66,,,0,30,,1644,66,,,0,70,,1648,66,,,0,30,,1635,66,,,0,100,,1638,66,,,0,100,,1631,66,,,0,100,,1630,66,,,0,100,,1646,66,,,0,100,,1652,66,,,0,100,,1640,66,,,0
1500,'ccbf4b4f-97af-4307-91ea-d9053fc08e17',947,,1657,66,,,0,100,,1659,66,,,0,100,,1655,66,,,0,100,,1658,66,,,0,100,,1656,66,,,0,100,,1661,66,,,0,100,,1663,66,,,0,100,,1660,66,,,0,100,,1662,66,,,0,100,,1664,66,,,0
1500,'e8ef8160-ae13-4ecf-849b-1dc14c9e1cc7',947,,1669,66,,,0,100,,1672,66,,,0,100,,1671,66,,,0,100,,1673,66,,,0,100,,1667,66,,,0,100,,1674,66,,,0,102,,1665,66,,,0,98,,1666,66,,,0,102,,1668,66,,,0,100,,1670,66,,,0
2300,'0ca7a4e8-8deb-447f-af95-efcb11d44b49',621,,1985,97,,,0,30,,1977,97,,,0,70,,1972,97,,,0,30,,1981,97,,,0,70,,1962,97,,,0,30,,1971,97,,,0,70,,1963,97,,,0,30,,1976,97,,,0,70,,1984,97,,,0,30,,1970,97,,,0,70,,1974,97,,,0,30,,1959,97,,,0,70,,1987,97,,,0,30,,1978,97,,,0,70,,1967,97,,,0,30,,1988,97,,,0,70,,1966,97,,,0,30,,1965,97,,,0,70,,1986,97,,,0,30,,1969,97,,,0,70,,1964,97,,,0,30,,1979,97,,,0,70,,1982,97,,,0,30,,1980,97,,,0,70,,1975,97,,,0,100,,1960,97,,,0,100,,1968,97,,,0,100,,1983,97,,,0,100,,1961,97,,,0,100,,1973,97,,,0
2300,'2c0118e0-aa39-4d23-8fdf-0ad2ee311f15',921,,1991,97,,,0,100,,1997,97,,,0,100,,1993,97,,,0,100,,1998,97,,,0,100,,1994,97,,,0,100,,1992,97,,,0,100,,1989,97,,,0,100,,1996,97,,,0,100,,1990,97,,,0,100,,1995,97,,,0
2300,'54965835-d4b5-43a4-a454-864d26728dd3',621,,2010,97,,,0,100,,2001,97,,,0,100,,2002,97,,,0,100,,2008,97,,,0,100,,2022,97,,,0,30,,2014,97,,,0,70,,2023,97,,,0,30,,2024,97,,,0,70,,2007,97,,,0,30,,2018,97,,,0,70,,2017,97,,,0,30,,2019,97,,,0,70,,2016,97,,,0,30,,2021,97,,,0,70,,1999,97,,,0,30,,2006,97,,,0,70,,2003,97,,,0,30,,2005,97,,,0,70,,2020,97,,,0,30,,2011,97,,,0,70,,2000,97,,,0,100,,2013,97,,,0,100,,2004,97,,,0,100,,2015,97,,,0,100,,2012,97,,,0,100,,2009,97,,,0
2300,'8d033c22-56c5-460f-aa74-cffac53817d7',621,,2049,97,,,0,30,,2030,97,,,0,70,,2038,97,,,0,30,,2031,97,,,0,70,,2044,97,,,0,30,,2043,97,,,0,70,,2053,97,,,0,30,,2035,97,,,0,70,,2047,97,,,0,30,,2036,97,,,0,70,,2028,97,,,0,30,,2040,97,,,0,70,,2026,97,,,0,30,,2041,97,,,0,70,,2045,97,,,0,30,,2034,97,,,0,70,,2039,97,,,0,30,,2052,97,,,0,70,,2054,97,,,0,30,,2046,97,,,0,70,,2032,97,,,0,30,,2033,97,,,0,70,,2048,97,,,0,30,,2025,97,,,0,70,,2029,97,,,0,100,,2042,97,,,0,100,,2027,97,,,0,100,,2051,97,,,0,100,,2050,97,,,0,100,,2037,97,,,0
2300,'af66423d-6b82-4070-a66d-7fd5455f4ee0',621,,2073,97,,,0,100,,2070,97,,,0,100,,2055,97,,,0,100,,2061,97,,,0,100,,2065,97,,,0,30,,2068,97,,,0,70,,2077,97,,,0,30,,2059,97,,,0,70,,2067,97,,,0,30,,2064,97,,,0,70,,2062,97,,,0,30,,2060,97,,,0,70,,2078,97,,,0,30,,2074,97,,,0,70,,2056,97,,,0,30,,2058,97,,,0,70,,2063,97,,,0,30,,2080,97,,,0,70,,2079,97,,,0,30,,2069,97,,,0,70,,2075,97,,,0,100,,2057,97,,,0,100,,2076,97,,,0,100,,2066,97,,,0,100,,2072,97,,,0,100,,2071,97,,,0
2300,'ccbf4b4f-97af-4307-91ea-d9053fc08e17',921,,2082,97,,,0,100,,2087,97,,,0,100,,2088,97,,,0,100,,2081,97,,,0,100,,2083,97,,,0,100,,2090,97,,,0,100,,2089,97,,,0,100,,2084,97,,,0,100,,2085,97,,,0,100,,2086,97,,,0
2300,'e8ef8160-ae13-4ecf-849b-1dc14c9e1cc7',921,,2099,97,,,0,100,,2100,97,,,0,100,,2091,97,,,0,100,,2098,97,,,0,100,,2094,97,,,0,100,,2092,97,,,0,100,,2096,97,,,0,100,,2093,97,,,0,100,,2095,97,,,0,100,,2097,97,,,0
