101,2036,1,0
101,2037,2,0
101,2038,3,0
101,2039,4,0
101,2022,5,0
101,2023,6,0
101,2026,7,0
101,2030,8,0
101,2031,9,0
101,3100,10,0
101,3101,11,0
101,3102,12,0
101,28,13,0
101,13,14,0
101,14,15,0
101,15,16,0
101,16,17,0
101,1,18,1
102,1,1,0
102,24,2,0
102,2088,3,0
102,2095,4,0
102,2008,5,0
102,2009,6,0
102,2010,7,0
102,2011,8,0
102,2013,9,0
102,2014,10,0
102,2016,11,0
102,2018,12,0
102,2035,13,0
102,2036,14,1
403,1,1,0
403,1025,2,0
403,1026,3,0
403,1073,4,0
403,1050,5,0
403,1051,6,0
403,1052,7,0
403,1053,8,0
403,1054,9,0
403,1055,10,0
403,1056,11,1
404,1056,1,0
404,1057,2,0
404,1058,3,0
404,1059,4,0
404,1060,5,0
404,1061,6,0
404,1062,7,0
404,1063,8,0
404,1064,9,0
404,1065,10,0
404,1066,11,0
404,1074,12,0
404,1042,13,0
404,1043,14,0
404,1044,15,0
404,1047,16,0
404,1078,17,0
404,1076,18,0
404,1016,19,0
404,1,20,1
500,1,1,0
500,1077,2,0
500,1010,3,0
500,1008,4,0
500,1001,5,0
500,1003,6,0
500,1005,7,0
500,1007,8,0
500,1009,9,0
500,1012,10,0
500,1014,11,0
500,1018,12,0
500,1020,13,0
500,1021,14,0
500,1023,15,0
500,1072,16,0
500,1025,17,0
500,1026,18,0
500,1027,19,0
500,1028,20,0
500,1035,21,0
500,1036,22,0
500,1037,23,0
500,1079,24,0
500,1071,25,0
500,1039,26,0
500,1040,27,0
500,1041,28,0
500,1068,29,0
500,11,30,0
500,12,31,1
603,3056,1,0
603,3057,2,0
603,3058,3,0
603,3059,4,0
603,3060,5,0
603,3061,6,0
603,3062,7,0
603,3063,8,0
603,3064,9,0
603,3065,10,0
603,3066,11,0
603,3067,12,0
603,3068,13,0
603,3069,14,0
603,3070,15,0
603,20,16,0
603,21,17,0
603,22,18,0
603,23,19,0
603,1,20,1
604,1,1,0
604,48,2,0
604,49,3,0
604,3079,4,0
604,3080,5,0
604,3081,6,0
604,3083,7,0
604,3084,8,0
604,3085,9,0
604,3051,10,0
604,3052,11,0
604,3053,12,0
604,3049,13,0
604,3055,14,0
604,3056,15,1
903,2001,1,0
903,3001,2,0
903,3002,3,0
903,3003,4,0
903,3019,5,0
903,3018,6,0
903,3071,7,0
903,3072,8,0
903,3029,9,0
903,3089,10,0
903,3090,11,0
903,3091,12,0
903,3092,13,0
903,3093,14,0
903,44,15,0
903,45,16,0
903,46,17,0
903,1,18,1
904,1,1,0
904,23,2,0
904,24,3,0
904,25,4,0
904,26,5,0
904,27,6,0
904,2088,7,0
904,2095,8,0
904,2096,9,0
904,2097,10,0
904,2098,11,0
904,2032,12,0
904,2033,13,0
904,2034,14,0
904,2003,15,0
904,2002,16,0
904,2001,17,0
904,3001,18,1
1003,2012,1,0
1003,2004,2,0
1003,2005,3,0
1003,2007,4,0
1003,2099,5,0
1003,3071,6,0
1003,3073,7,0
1003,3075,8,0
1003,3076,9,0
1003,3077,10,0
1003,3078,11,0
1003,33,12,0
1003,35,13,0
1003,34,14,0
1003,36,15,0
1003,1,16,1
1004,1,1,0
1004,23,2,0
1004,24,3,0
1004,25,4,0
1004,29,5,0
1004,30,6,0
1004,31,7,0
1004,32,8,0
1004,2089,9,0
1004,2090,10,0
1004,2091,11,0
1004,2092,12,0
1004,2093,13,0
1004,2094,14,0
1004,2053,15,0
1004,2054,16,0
1004,2040,17,0
1004,2041,18,0
1004,2042,19,0
1004,2043,20,0
1004,2028,21,0
1004,2029,22,0
1004,2010,23,0
1004,2011,24,0
1004,2012,25,0
1004,2004,26,1
1100,1,1,0
1100,3103,2,0
1100,3104,3,1
2001,1,1,0
2001,17,2,0
2001,18,3,0
2001,19,4,0
2001,40,5,0
2001,3054,6,0
2001,3086,7,0
2001,3087,8,0
2001,3088,9,0
2001,3037,10,0
2001,3039,11,0
2001,3041,12,0
2001,3042,13,0
2001,3044,14,0
2001,3033,15,0
2001,3034,16,0
2001,3035,17,0
2001,3036,18,0
2001,3023,19,0
2001,3016,20,0
2001,3015,21,0
2001,3013,22,0
2001,3011,23,0
2001,3007,24,0
2001,3005,25,0
2001,3004,26,0
2001,3008,27,0
2001,3009,28,0
2001,3020,29,0
2001,3026,30,0
2001,3028,31,0
2001,3098,32,0
2001,3097,33,0
2001,3094,34,0
2001,3074,35,0
2001,3071,36,0
2001,2008,37,1
2002,2008,1,0
2002,2009,2,0
2002,2015,3,0
2002,2016,4,0
2002,2018,5,0
2002,2020,6,0
2002,2022,7,0
2002,2023,8,0
2002,2026,9,0
2002,2044,10,0
2002,2045,11,0
2002,2047,12,0
2002,2048,13,0
2002,2049,14,0
2002,2051,15,0
2002,2052,16,0
2002,2055,17,0
2002,2057,18,0
2002,2059,19,0
2002,2061,20,0
2002,2063,21,0
2002,2064,22,0
2002,2066,23,0
2002,2067,24,0
2002,2068,25,0
2002,2071,26,0
2002,2073,27,0
2002,2075,28,0
2002,2077,29,0
2002,2079,30,0
2002,2081,31,0
2002,2082,32,0
2002,2083,33,0
2002,13,34,0
2002,14,35,0
2002,15,36,0
2002,16,37,0
2002,1,38,1
2101,2099,1,0
2101,3071,2,0
2101,3073,3,0
2101,3075,4,0
2101,3095,5,0
2101,3096,6,0
2101,3099,7,0
2101,3027,8,0
2101,3025,9,0
2101,3021,10,0
2101,3007,11,0
2101,3005,12,0
2101,3004,13,0
2101,3008,14,0
2101,3009,15,0
2101,3010,16,0
2101,3012,17,0
2101,3014,18,0
2101,3017,19,0
2101,3022,20,0
2101,3030,21,0
2101,3031,22,0
2101,3032,23,0
2101,3045,24,0
2101,3043,25,0
2101,3040,26,0
2101,3038,27,0
2101,3046,28,0
2101,3047,29,0
2101,3048,30,0
2101,3049,31,0
2101,3050,32,0
2101,3054,33,0
2101,41,34,0
2101,42,35,0
2101,43,36,0
2101,37,37,0
2101,38,38,0
2101,39,39,0
2101,1,40,0
2101,47,41,0
2101,22,42,0
2101,23,43,0
2101,24,44,0
2101,25,45,0
2101,26,46,0
2101,27,47,0
2101,2087,48,0
2101,2086,49,0
2101,2085,50,0
2101,2084,51,0
2101,2080,52,0
2101,2078,53,0
2101,2076,54,0
2101,2074,55,0
2101,2072,56,0
2101,2069,57,0
2101,2063,58,0
2101,2064,59,0
2101,2066,60,0
2101,2067,61,0
2101,2068,62,0
2101,2062,63,0
2101,2060,64,0
2101,2058,65,0
2101,2056,66,0
2101,2053,67,0
2101,2050,68,0
2101,2070,69,0
2101,2102,70,0
2101,2046,71,0
2101,2043,72,0
2101,2027,73,0
2101,2024,74,0
2101,2025,75,0
2101,2021,76,0
2101,2019,77,0
2101,2017,78,0
2101,2100,79,0
2101,2101,80,1
2102,1,1,0
2102,47,2,0
2102,22,3,0
2102,23,4,0
2102,24,5,0
2102,25,6,0
2102,26,7,0
2102,27,8,0
2102,2087,9,0
2102,2086,10,0
2102,2085,11,0
2102,2084,12,0
2102,2080,13,0
2102,2078,14,0
2102,2076,15,0
2102,2074,16,0
2102,2072,17,0
2102,2069,18,0
2102,2063,19,0
2102,2064,20,0
2102,2066,21,0
2102,2067,22,0
2102,2068,23,0
2102,2062,24,0
2102,2060,25,0
2102,2058,26,0
2102,2056,27,0
2102,2053,28,0
2102,2050,29,0
2102,2070,30,0
2102,2102,31,0
2102,2046,32,0
2102,2043,33,0
2102,2027,34,0
2102,2024,35,0
2102,2025,36,0
2102,2021,37,0
2102,2019,38,0
2102,2017,39,0
2102,2100,40,0
2102,2101,41,0
2102,2099,42,1
